0 33
0 34
0 37
0 12
0 15
0 16
0 26
1 4
1 37
1 6
1 39
1 43
1 12
1 15
1 16
1 49
1 21
1 36
1 26
1 30
2 32
3 30
3 6
3 11
3 13
3 22
4 32
4 36
4 39
4 43
4 46
4 18
4 30
5 28
6 36
6 11
6 13
6 43
7 27
7 9
7 50
7 51
7 29
8 25
8 38
8 31
9 44
10 32
10 18
11 43
11 22
11 13
12 34
12 37
12 33
12 43
12 14
12 15
12 16
12 26
13 37
13 39
13 18
13 22
13 30
14 41
14 20
15 34
15 36
15 37
15 33
15 43
15 16
15 26
16 34
16 36
16 37
16 33
16 17
16 20
16 23
16 26
16 30
17 48
17 23
18 32
18 36
18 39
18 43
18 46
19 42
20 35
20 37
20 40
20 44
21 26
21 43
21 37
22 35
22 37
22 44
22 43
22 50
22 29
24 40
25 38
25 31
26 34
26 37
26 43
27 51
27 44
29 50
29 44
29 37
30 32
30 37
30 43
30 49
30 50
30 36
31 38
32 36
32 39
32 43
33 37
33 43
34 39
34 43
35 40
35 43
35 44
35 49
35 50
36 39
36 43
37 44
37 43
37 50
37 47
39 43
40 44
40 45
40 50
44 50
44 51
