0 1
0 2
1 470
3 4
4 171
5 6
5 251
5 52
5 109
5 110
6 260
6 109
6 110
6 52
6 325
7 8
9 10
10 674
11 16
11 12
11 13
11 14
11 15
13 324
13 69
13 456
13 407
13 857
13 477
17 18
17 19
19 263
19 264
19 486
19 407
19 406
19 279
19 152
19 157
19 414
19 31
19 32
19 33
19 35
19 36
19 37
19 297
19 43
19 45
19 46
19 285
19 48
19 50
19 51
19 52
19 437
19 310
19 60
19 319
19 69
19 454
19 72
19 354
19 338
19 341
19 470
19 471
19 472
19 473
19 474
19 475
19 476
19 477
19 478
19 479
19 480
19 481
19 482
19 483
19 484
19 485
19 230
19 487
19 488
19 361
19 490
19 109
19 238
19 113
19 115
19 489
19 378
19 383
19 380
19 381
19 382
19 127
20 21
21 763
21 22
22 23
23 576
24 25
24 26
26 81
26 82
26 83
26 80
27 28
27 29
27 30
28 730
30 567
31 32
31 33
31 34
31 35
31 36
31 37
31 38
31 39
31 40
31 41
31 42
31 43
31 44
31 45
31 46
31 47
31 48
31 49
31 50
31 51
31 52
31 60
31 338
31 676
31 473
32 672
32 33
32 35
32 37
32 51
32 167
32 43
32 45
32 46
32 79
32 115
32 113
32 217
32 282
32 668
32 669
32 670
32 671
33 289
33 322
33 35
33 36
33 51
33 129
33 688
33 586
33 175
33 44
33 45
33 321
33 47
33 320
33 46
33 127
34 51
35 263
35 265
35 525
35 499
35 36
35 37
35 43
35 45
35 46
35 48
35 50
35 51
35 52
35 317
35 830
35 191
35 322
35 497
35 115
35 759
35 761
36 162
36 420
36 389
36 51
36 227
36 421
36 298
36 43
36 322
36 419
36 46
36 48
36 50
36 52
36 282
36 338
36 37
37 512
37 645
37 134
37 647
37 44
37 45
37 646
37 48
37 338
37 46
37 51
38 710
39 50
39 51
40 226
40 337
40 50
40 51
40 636
40 637
40 638
40 223
41 193
41 455
41 46
41 51
41 283
42 387
42 388
42 426
42 43
42 45
42 127
43 263
43 264
43 280
43 281
43 282
43 550
43 45
43 46
43 50
43 51
43 52
43 571
43 454
43 227
43 108
43 114
43 115
43 426
43 510
43 511
44 551
44 45
44 46
44 753
44 50
44 52
44 283
45 548
45 223
45 263
45 744
45 46
45 48
45 113
45 50
45 52
45 789
45 95
45 51
46 51
46 673
46 115
46 50
46 52
46 341
46 250
47 160
47 127
47 161
48 51
48 134
48 557
48 50
48 374
48 317
49 338
49 51
49 249
49 217
49 315
49 221
50 224
50 336
50 226
50 51
50 105
50 583
50 338
50 52
50 110
50 223
51 134
51 143
51 221
51 52
51 222
51 189
51 202
51 335
51 338
51 99
51 216
51 217
51 218
51 219
51 220
51 93
51 94
51 223
51 224
51 225
51 226
51 227
51 228
51 229
51 230
51 231
51 232
51 362
51 295
51 109
51 110
51 104
51 248
51 249
52 400
52 622
52 406
52 411
52 157
52 549
52 550
52 551
52 426
52 315
52 203
52 335
52 338
52 471
52 548
52 476
52 110
52 366
52 113
52 114
52 115
52 248
52 127
53 826
53 54
53 55
54 826
56 57
56 58
57 293
57 294
57 58
57 476
57 346
58 336
59 60
60 273
60 267
60 815
60 816
60 817
60 756
60 757
60 758
60 378
61 64
61 65
61 62
61 63
63 558
64 803
64 525
64 305
64 306
64 307
64 212
64 309
64 566
64 308
64 186
64 187
64 188
64 189
64 605
65 188
66 67
67 663
68 69
68 70
69 353
69 70
69 326
69 260
69 189
70 297
71 72
72 840
72 822
73 74
75 76
76 839
77 78
80 589
80 590
84 625
84 85
84 86
85 86
87 88
87 89
87 90
87 91
89 675
89 316
92 93
92 94
93 94
93 766
93 215
94 513
96 97
96 98
99 100
99 101
99 102
99 103
99 104
99 105
99 106
99 107
99 108
99 109
99 110
100 101
100 103
100 104
100 105
100 749
101 486
101 103
101 104
101 105
101 106
101 107
101 110
101 468
101 572
101 317
102 103
103 104
103 105
103 362
103 398
103 400
103 110
103 425
103 548
104 107
104 259
104 106
104 395
104 109
104 110
104 432
104 261
104 313
104 639
105 107
105 223
106 361
106 362
106 107
106 109
106 110
107 109
107 110
108 192
108 510
108 632
108 474
108 540
108 254
109 259
109 260
109 395
109 396
109 160
109 557
109 315
109 318
109 326
109 335
109 336
109 337
109 223
109 226
109 110
109 639
110 175
110 313
110 314
110 223
110 395
110 315
111 112
112 135
112 270
112 694
113 115
113 134
113 688
113 114
113 116
114 421
114 329
114 688
114 280
115 484
115 454
115 263
115 264
115 428
115 463
115 465
115 280
115 281
115 255
115 764
115 765
115 254
115 511
116 426
117 118
119 120
121 122
123 124
125 126
126 264
126 644
127 128
127 130
127 129
129 261
131 132
132 148
132 149
133 134
133 798
134 163
135 365
136 137
136 138
136 139
136 140
136 141
136 142
137 788
138 361
139 804
140 449
140 778
140 146
141 698
142 165
142 166
143 144
145 290
145 147
145 146
146 290
146 798
148 416
148 198
148 199
148 201
148 149
148 184
149 416
149 198
149 199
149 201
149 464
149 184
150 151
152 153
152 541
152 798
153 713
153 798
153 568
154 155
154 156
155 156
158 159
160 223
160 260
163 798
164 165
164 166
165 394
168 169
168 170
169 170
172 173
172 174
172 175
175 551
175 809
175 248
176 177
178 179
178 180
178 181
178 182
178 183
178 184
178 185
179 198
179 201
179 363
179 364
179 180
179 181
179 182
179 183
179 184
179 185
179 316
180 200
180 364
180 688
180 183
180 184
180 185
181 201
181 363
181 364
181 183
181 184
181 412
182 184
182 416
182 183
183 198
183 200
183 201
183 363
183 364
183 184
183 185
183 413
184 265
184 395
184 412
184 413
184 414
184 415
184 416
184 417
184 418
184 309
184 185
184 198
184 199
184 200
184 201
184 848
184 364
185 615
185 200
185 599
185 364
186 242
187 188
187 189
187 190
188 323
188 324
188 325
188 326
188 236
188 260
188 318
189 258
189 525
189 628
189 311
189 824
189 733
190 264
190 718
191 192
192 525
193 194
195 433
195 196
195 197
198 199
198 200
198 201
199 416
200 416
200 599
200 364
200 464
201 416
201 412
202 224
203 502
204 624
204 205
205 402
206 208
206 207
209 210
211 212
212 633
212 803
213 214
215 608
216 315
216 423
216 870
216 231
217 224
217 426
217 315
217 221
220 232
220 333
220 605
221 426
221 315
222 225
223 226
223 315
223 336
223 337
223 566
223 335
224 295
224 296
224 820
226 260
226 326
226 337
226 324
227 419
227 389
227 420
227 282
229 248
230 264
230 378
230 379
230 380
230 381
230 382
230 383
231 315
231 427
231 425
232 600
232 333
232 334
233 234
233 235
235 517
237 238
238 752
238 750
238 751
239 240
239 266
239 450
240 611
240 855
240 266
240 407
241 242
243 244
243 245
246 248
246 249
246 247
248 704
249 386
249 342
249 326
249 623
249 432
249 690
249 343
249 344
249 345
249 639
251 604
252 253
253 706
254 420
254 255
255 280
256 257
257 844
257 567
259 260
259 261
259 262
259 690
260 261
260 262
260 335
260 542
260 337
260 323
260 326
260 484
260 309
260 317
260 318
260 639
261 834
261 395
261 396
263 264
263 265
263 282
264 454
264 280
264 281
264 455
265 511
266 267
266 268
266 269
266 270
267 600
268 872
268 315
268 810
268 575
269 428
270 355
270 291
271 272
271 273
271 682
272 312
272 273
272 743
273 681
273 682
273 631
274 275
274 276
275 276
275 365
275 442
275 823
276 376
276 872
276 700
277 278
278 438
280 281
280 282
282 340
282 511
284 285
284 286
285 708
287 288
289 486
290 291
290 292
291 855
292 640
292 641
292 486
292 713
292 530
292 341
293 294
294 384
294 805
295 296
296 820
296 821
298 300
298 299
300 361
300 323
301 304
301 302
301 303
309 422
309 432
309 469
310 311
311 571
311 620
313 315
313 365
315 427
315 424
315 425
315 426
315 423
317 643
317 868
317 318
317 869
318 550
318 361
318 625
318 441
318 442
318 572
321 626
323 377
324 486
326 453
326 432
326 337
326 639
327 328
328 612
330 331
330 332
331 332
332 516
332 775
332 495
332 496
332 439
332 440
335 618
335 685
335 336
335 789
336 362
338 339
338 405
338 406
347 348
349 350
350 598
351 352
355 844
355 573
356 360
356 357
356 358
356 359
357 360
357 358
357 359
358 360
358 667
358 359
359 360
361 485
361 466
361 692
361 691
361 394
361 380
363 364
367 368
369 370
369 371
372 373
372 374
372 375
374 425
374 605
374 701
374 702
378 420
378 471
378 537
378 381
380 420
385 386
387 388
389 420
390 391
391 545
391 626
392 393
394 676
395 396
395 397
399 400
399 401
400 707
400 551
400 407
400 408
403 404
405 406
406 524
406 729
407 487
409 410
419 420
420 583
422 469
426 549
426 774
426 685
426 761
426 601
426 773
427 776
429 430
430 582
431 432
431 834
432 707
433 434
435 436
439 440
441 707
442 448
442 449
442 450
442 451
442 452
442 446
442 443
442 444
442 445
442 447
449 581
451 713
451 658
456 457
456 458
456 459
456 460
459 742
461 462
462 598
465 504
466 467
473 777
473 778
474 486
474 530
474 531
474 532
474 538
474 539
474 540
475 523
477 797
480 488
480 819
480 818
481 666
481 516
486 748
486 641
486 745
486 746
486 747
486 684
486 531
486 530
486 532
486 539
486 540
486 538
486 703
487 567
487 798
491 492
492 570
493 494
495 496
495 872
496 871
496 872
496 810
496 791
496 573
497 498
497 499
500 794
500 501
501 872
502 503
505 506
505 507
508 509
514 515
517 518
517 519
517 520
517 521
517 522
526 528
526 529
526 527
527 529
527 660
528 529
529 779
529 657
529 660
530 531
530 532
530 539
530 703
531 539
531 532
532 743
532 539
532 540
533 699
533 534
534 699
535 536
536 611
539 540
543 544
545 562
545 607
546 547
546 662
547 661
547 662
548 551
550 572
551 619
552 553
552 554
552 555
552 556
558 559
560 561
560 652
561 652
563 564
563 565
564 565
568 569
574 575
575 732
575 731
577 578
577 606
578 792
578 606
578 793
579 580
582 625
582 772
584 585
587 588
591 592
591 593
592 593
592 693
594 713
594 595
594 743
596 597
602 603
609 610
613 614
616 617
616 618
618 650
618 651
621 622
625 626
625 627
629 630
631 682
633 634
633 635
636 637
636 638
642 643
644 777
646 844
646 780
648 649
653 654
655 656
659 660
664 665
665 808
665 682
665 781
665 790
676 677
676 678
676 679
676 680
681 858
682 683
686 687
689 690
695 696
695 697
704 705
707 758
707 761
707 762
709 710
711 712
713 714
713 715
713 716
713 717
713 718
713 719
713 720
713 721
713 723
713 724
713 725
713 722
718 806
718 743
726 728
726 847
726 727
727 847
728 847
734 735
736 737
738 739
740 741
754 755
756 757
756 758
759 760
767 768
767 769
770 771
782 783
784 785
786 787
795 796
798 800
798 801
798 802
798 799
801 825
806 807
810 812
810 811
813 814
823 824
826 827
828 829
831 832
831 833
834 835
836 837
837 841
838 839
842 843
845 846
849 850
851 852
853 854
855 856
858 859
858 860
858 861
862 863
864 865
866 867
868 869
872 873
