0 0
0 1
0 2
0 3
0 4
0 5
0 6
0 44
0 45
0 21
0 38
0 30
1 9
1 21
1 8
1 7
2 11
2 10
2 3
2 21
3 3
3 4
3 5
3 6
3 7
3 8
3 9
3 10
3 11
3 12
3 13
3 14
3 15
3 16
3 17
3 18
3 19
3 20
3 25
3 26
3 27
3 28
3 29
3 31
3 32
3 33
3 34
3 39
3 40
3 41
3 42
3 47
3 48
3 49
3 50
3 51
3 55
3 56
3 57
3 58
3 59
3 60
3 63
3 64
3 65
3 66
3 67
3 68
3 69
3 70
3 71
3 72
3 73
3 74
3 75
3 76
3 77
3 79
3 84
4 10
5 97
5 10
5 113
5 119
6 135
6 10
6 139
6 140
6 141
6 18
7 10
8 136
8 10
8 43
8 86
9 10
9 23
9 142
9 143
9 144
9 145
9 146
9 147
9 148
9 149
9 150
9 151
9 24
9 153
9 154
9 155
9 156
9 157
9 158
9 159
9 160
9 161
9 162
9 35
9 165
9 166
9 167
9 169
9 170
9 43
9 172
9 173
9 174
9 175
9 176
9 177
9 52
9 62
9 70
9 163
9 86
9 152
9 95
9 105
9 171
9 123
10 10
10 11
10 12
10 13
10 14
10 15
10 16
10 17
10 18
10 19
10 20
10 25
10 26
10 27
10 28
10 29
10 31
10 32
10 33
10 34
10 39
10 40
10 41
10 42
10 47
10 48
10 49
10 50
10 51
10 64
12 64
12 18
13 18
14 88
14 21
14 87
15 22
16 23
17 24
18 35
19 36
19 85
20 37
21 43
22 46
23 52
24 53
24 54
25 56
25 97
26 65
26 66
26 97
26 71
26 72
26 76
26 56
26 87
26 88
26 57
26 90
26 92
26 93
27 97
27 66
27 68
27 101
27 71
27 57
27 74
27 63
28 58
28 78
29 61
30 62
31 75
31 73
31 66
32 107
32 123
32 68
33 78
34 80
35 82
35 81
36 83
37 86
38 89
39 91
39 90
40 94
41 95
42 96
43 98
44 99
44 100
45 102
46 103
47 104
48 105
49 107
49 108
49 109
49 110
49 114
49 115
49 116
49 117
49 118
49 106
50 112
50 111
51 120
51 121
52 142
52 143
52 144
52 145
52 146
52 147
52 148
52 149
52 150
52 151
52 152
52 153
52 154
52 155
52 156
52 157
52 158
52 159
52 160
52 161
52 162
52 163
52 164
52 165
52 166
52 167
52 168
52 169
52 170
52 171
52 172
52 173
52 174
52 175
52 176
52 177
52 120
53 122
54 124
55 125
55 127
56 126
57 128
57 129
57 130
58 132
58 133
58 134
58 131
59 132
59 131
60 137
60 138
61 178
61 179
61 180
61 181
61 182
61 183
61 184
61 185
