c0_l2_0
25
46
76
272
300
343
1082
1173
1415
2073
2839
3076
3355
3721
3973
4306
4787
5231
6693
7569
7666
9021
9104
9173
9348
9592
c0_l2_1
25
78
94
688
1133
1406
1915
2125
2465
2877
2900
3331
3738
3799
4624
4739
4901
5404
6335
6426
7139
7632
7716
9388
9431
9710
c0_l2_2
48
30
100
532
621
685
744
1030
1054
1199
1656
1757
2034
2782
2828
3328
3383
3525
3621
3800
4133
4428
4595
4632
4836
5092
5136
5427
5641
5720
5918
6212
6227
6929
6975
7074
7135
7380
7467
7561
7825
8004
8387
8421
8646
8747
8966
9227
9246
c0_l2_3
25
104
263
905
939
1434
1925
2650
3317
3832
4258
4732
4795
4971
5428
5547
5857
6482
7460
7552
7972
7981
8417
8842
9036
9459
c0_l2_4
25
113
136
354
447
1550
1973
2531
3358
3370
3891
4017
4063
4469
5098
5203
5482
5500
6494
7341
7868
7893
8045
8062
8734
9290
c0_l2_5
39
27
118
223
450
901
1294
1852
2151
2163
2322
2405
2406
2563
2738
3052
3199
3622
3634
3781
3999
4286
4513
4520
4819
5090
5415
6436
6488
6770
7264
7397
7717
7836
8355
8814
8823
9371
9863
9951
c0_l2_6
50
38
162
449
577
719
725
830
1141
1319
1810
2015
2122
2486
2733
2762
2814
2926
3068
3109
3311
3576
3685
3744
3784
3953
4013
4375
4509
5289
5726
5772
5951
6081
6308
6356
8051
8300
8304
8473
8558
8643
8896
8956
9096
9167
9318
9357
9481
9791
9858
c0_l2_7
25
196
1685
1742
1863
2138
2799
2809
2917
3635
3743
4488
4597
4863
5421
6289
6507
6762
7565
8192
8302
8515
8920
9055
9314
9493
c0_l2_8
42
151
203
798
995
1186
1321
1349
2349
2401
2911
2959
2979
3385
3428
3434
3803
3880
3888
4026
4925
5160
5678
5751
6040
6079
6193
6453
6637
7214
7466
7744
7818
7857
8009
8013
8210
8414
8681
9160
9340
9365
9828
c0_l2_9
26
23
57
211
457
1504
1599
1602
1841
2457
2815
3558
3641
4482
4721
5481
5545
5731
5779
6734
7699
7809
8505
8506
9084
9413
9490
c0_l2_10
25
221
630
833
1270
1579
1765
2023
2280
3242
3505
3529
3713
4452
4581
5412
5448
6203
6782
6972
7067
7974
8040
8172
8936
9917
c0_l2_11
29
207
240
251
405
510
970
1562
3135
3988
4065
4156
4226
4381
4974
5364
5882
6042
6072
6592
6936
7105
7528
7904
8103
8130
8402
8792
9492
9966
c0_l2_12
48
275
508
567
574
578
586
608
635
654
1476
1525
1895
2026
2191
2375
2410
2685
2882
2955
3078
3093
3139
3307
3740
3838
4095
4209
4318
4406
4512
4781
5068
5340
5353
5400
5451
5458
5611
5814
6302
6319
6594
6621
6664
7517
8866
9015
9325
c0_l2_13
42
4
296
784
996
1112
1185
1564
1858
2875
3205
3527
3760
4271
4348
4369
4427
4498
4746
4920
5383
5397
5817
5912
6004
6311
6377
6742
6822
6867
6921
6990
7034
7525
7579
8319
8382
8902
8963
8999
9004
9065
9451
c0_l2_14
28
468
509
721
756
873
1208
2293
2494
2602
2696
3562
3882
4475
5038
5603
5802
6032
6049
6112
6470
6752
7123
7225
7413
8232
8600
9216
9359
c0_l2_15
25
188
502
537
629
1316
1607
2913
3336
3678
3753
4233
4344
5009
5470
5900
6522
7170
7747
8213
8220
8262
8599
8844
9277
9896
c0_l2_16
26
141
553
826
1289
1441
1546
1686
1697
1987
2660
3169
3236
3759
3866
4849
5283
5636
5690
5727
5851
6817
7131
7289
7515
8241
9819
c0_l2_17
25
563
590
652
856
1944
2210
2460
2587
2728
2928
2958
2986
3603
4119
5176
5591
5761
6181
6769
6875
7499
7681
8145
9433
9564
c0_l2_18
25
116
169
361
382
534
572
583
1192
1345
1627
1691
1871
1978
2829
4165
4393
4409
4531
6111
7669
7891
8223
9392
9643
9677
c0_l2_19
25
103
546
573
643
1038
1307
1690
2024
2051
2653
2892
3053
3306
4764
4935
4969
5902
7197
7348
7545
7750
8380
8582
9061
9970
c0_l2_20
38
456
705
1004
1687
1979
2093
2126
2161
2541
2606
3302
3397
3694
3780
4090
4091
4292
4604
4898
5248
5913
6055
6353
6608
6738
7011
7722
7908
7940
8008
8012
8111
8144
8545
9312
9543
9613
9859
c0_l2_21
25
515
675
713
1032
1087
1187
1234
1455
2083
2870
2951
3845
4370
4567
4980
6182
7317
7813
8385
8536
8852
8915
9086
9266
9565
c0_l2_22
36
507
745
780
819
885
1223
1263
1338
1380
2102
2365
2668
2692
3094
3381
3691
4351
4660
4899
4975
5010
5211
5279
5697
6404
6772
7290
7529
7709
7922
7965
8372
8803
9864
9872
9947
c0_l2_23
48
66
759
786
805
1102
1220
1378
1736
2207
2323
2430
2454
2514
2708
2884
3004
3197
3598
3638
4047
4177
4337
4345
4423
4561
4682
4950
5128
5155
5197
5497
5852
6858
6941
7340
7673
8102
8161
8206
8265
8423
8756
9073
9164
9417
9553
9728
9925
c0_l2_24
25
53
74
693
793
1122
1336
1508
1730
1905
1914
2216
2244
3811
4204
4315
4392
5265
5934
6324
7005
7082
7092
7455
8224
9622
c0_l2_25
37
49
657
801
1057
1130
1557
1587
1874
2314
2549
2781
2788
3146
3283
3596
4125
4255
4314
4366
4540
4827
4882
5129
6376
7267
7410
7536
7599
7650
7914
7944
8242
8491
8951
9011
9678
9760
c0_l2_26
25
222
827
971
1303
1529
1826
2044
2236
2702
2994
3158
3264
3564
5599
5624
5925
6033
6092
6487
6627
7991
8384
9460
9591
9665
c0_l2_27
25
605
726
935
1110
1265
1552
2134
2136
2898
2965
3088
3219
3707
4170
4304
5015
5037
5091
5410
6088
6215
7670
7964
8502
9146
c0_l2_28
42
21
115
128
694
851
1007
1243
1261
1516
1517
1640
1781
2118
3481
3967
4206
4395
4462
4962
5154
5609
5640
6045
6331
6381
6428
6519
7026
7350
7861
8019
8118
8330
8562
9028
9058
9103
9404
9464
9674
9681
9765
c0_l2_29
27
215
271
439
1016
1799
2439
2593
2594
3448
4281
5151
5308
6117
6365
6541
6923
6962
7420
7724
8024
8073
8390
8412
8801
9427
9467
9598
c0_l2_30
25
322
324
593
881
1035
1438
1496
1779
1845
2464
2798
3047
3577
4134
4896
6025
6098
7329
7494
7707
7963
8650
9108
9651
9887
c0_l2_31
44
82
127
174
864
1049
1127
1346
1509
1830
1909
3583
3710
3982
4135
4946
4960
5058
5177
5341
5389
5527
5546
5931
6067
6326
6632
6831
6882
6961
7140
7300
7381
8134
8214
8231
8253
8435
8514
8564
8897
8918
8994
9282
9885
c0_l2_32
25
71
1061
1217
1315
1545
2182
2717
3278
3419
3500
3543
3652
3881
3987
4029
4906
5229
5230
5616
5854
5981
6418
8235
8800
9319
c0_l2_33
25
802
1070
1165
1596
1889
2220
2790
3396
3924
4320
4603
6367
6490
6787
7171
7180
7356
7424
7487
7770
7877
8258
8589
9174
9960
c0_l2_34
25
989
1125
1642
1939
2016
2312
2579
2791
3424
3524
4213
4253
4374
4398
4490
5457
5550
7001
7142
7373
7451
7633
9792
9839
9900
c0_l2_35
25
48
161
226
372
775
942
1146
1755
2176
2283
2443
2863
3947
4084
4415
4533
5530
5557
5694
5884
6281
6539
7642
8460
9767
c0_l2_36
25
333
940
1180
1301
2340
2936
2950
3265
3402
3887
4568
4772
5029
5423
5521
6075
6217
7506
8080
8327
8528
8783
9566
9846
9856
c0_l2_37
25
266
606
854
1200
1452
1592
1753
2168
2447
3019
3655
4386
4768
4786
6207
6812
7028
8865
9116
9178
9339
9343
9520
9750
9845
c0_l2_38
25
11
673
860
1051
1219
1273
1286
1409
1814
1828
1857
2903
3241
4323
4785
6022
6267
6321
6572
7855
9088
9329
9501
9529
9560
c0_l2_39
25
765
1029
1274
1391
1392
1894
2192
2237
3787
4670
5288
6140
6825
6906
6928
7138
7306
7489
7621
8484
8586
8981
9019
9220
9370
c0_l2_40
29
233
387
401
466
1279
2206
2424
2984
3272
3340
3590
3722
4225
4638
4676
4970
5186
5216
5935
6048
6464
6944
8882
9100
9289
9609
9735
9812
9993
c0_l2_41
29
348
392
478
653
1067
1280
1846
2459
2484
2524
2525
2760
2779
2787
2887
3044
3654
3670
3965
5142
5311
6063
6254
7236
7620
8522
8831
9448
9823
c0_l2_42
27
1317
1951
2279
2343
3681
3942
4594
4697
4714
4715
4832
5204
5453
5473
5503
6224
6246
6568
6878
6947
7056
7116
7302
7719
8201
8270
9572
c0_l2_43
39
485
687
931
1256
1385
1897
2031
2113
2149
2167
2251
2309
2580
3022
3984
4186
4803
5431
6060
6497
6644
6751
7017
7061
7132
7195
7282
7728
8052
8061
8211
8308
8495
8827
8829
8989
9069
9201
9796
c0_l2_44
76
24
252
280
284
602
676
698
807
872
977
1097
1328
1408
1565
1595
1931
1956
2064
2432
2582
2634
3040
3128
3196
3374
3510
3561
3587
3592
3796
3903
3949
4247
4333
4359
4546
4783
5125
5190
5247
5297
5434
5522
5572
5651
6128
6213
6305
6306
6565
6617
6743
6937
6994
7230
7292
7395
7958
8075
8169
8245
8336
8365
8531
8583
8806
8875
8900
8917
9151
9268
9298
9701
9800
9803
9908
c0_l2_45
25
1129
1216
1410
3717
3733
4032
4191
4270
4324
4332
4890
5257
6145
6478
6814
6861
7117
7313
7330
8561
8657
9181
9217
9600
9876
c0_l2_46
25
178
613
656
1052
1276
1418
1684
3156
3316
3705
4083
4601
4718
4947
5580
5734
6362
6889
7035
7179
7920
8071
8647
9551
9581
c0_l2_47
26
339
866
1309
1426
1513
1900
2492
3061
3072
3173
3290
3469
3617
4088
4283
4574
5390
5391
5970
6636
6964
7004
7064
7427
7581
8645
c0_l2_48
27
729
1161
1428
2376
2617
2621
2873
3185
3250
3955
4646
4673
4712
4753
5224
5629
6218
6468
7271
7572
7695
8267
8929
9310
9377
9387
9499
c0_l2_49
25
692
1488
1927
2403
2599
3830
4651
5076
5381
5439
5452
5644
6226
6244
6352
6513
7343
8226
8588
8885
9077
9337
9362
9627
9950
c0_l2_50
26
84
313
379
736
1056
1172
1449
1499
2046
2097
2205
3194
3430
3896
4215
5310
5433
6238
6641
6838
7274
7749
7967
8261
8312
9046
c0_l2_51
25
470
522
576
823
1177
1311
1505
2710
2921
2960
3190
3441
3846
3918
4248
4556
4645
6237
6816
6856
7052
7072
7191
9374
9495
c0_l2_52
25
165
525
539
623
1534
1657
1752
1938
2088
2141
2179
3493
4048
4051
4232
4566
5218
5646
6983
8152
8711
8720
9141
9267
9813
c0_l2_53
29
90
197
357
400
591
628
1046
1540
1700
1801
1872
1996
2320
2544
2633
3919
4120
4132
4565
6064
6115
6132
6424
6448
7978
8005
8121
8943
9135
c0_l2_54
28
34
123
543
1145
1556
1563
2257
2336
2776
2843
4062
4154
4841
5036
5083
5111
5269
5743
6276
6635
6766
7482
7691
8568
8807
9059
9453
9539
c0_l2_55
25
341
374
631
1095
1218
1351
1572
2130
2299
2500
3700
3746
5941
5998
6024
7187
7601
7839
8379
8676
8932
9034
9696
9829
9911
c0_l2_56
25
351
831
960
1101
1104
1620
1805
2092
2421
3046
3573
3659
4310
4336
4633
4727
5436
6931
7173
8410
8692
8893
9064
9655
9755
c0_l2_57
35
176
671
1625
1838
1892
2224
2723
2724
2933
2971
3200
3363
3559
3695
3715
4256
4538
4644
4831
4876
4983
4987
5819
6506
6775
7013
7155
7164
7608
7780
8035
9442
9732
9804
9851
c0_l2_58
25
125
799
933
1699
1761
1773
2752
2802
3957
4004
4077
4106
4203
4251
4257
4807
5456
5535
6604
7504
8717
9029
9191
9195
9218
c0_l2_59
25
67
219
1749
3289
3303
3410
3588
4040
4242
4350
4424
4507
6178
6624
6820
6833
6917
7786
8310
8890
9286
9472
9631
9990
10021
c0_l2_60
25
0
428
498
839
1008
1713
1771
1809
1887
2482
2983
3210
3513
3520
3697
3879
4036
4443
5192
5466
5806
6639
8014
9516
9731
c0_l2_61
25
8
363
852
1066
1157
1523
1614
1708
1772
3252
3834
3869
4790
4878
5001
5100
5656
6053
6264
6447
7036
7481
8374
9821
9976
c0_l2_62
25
262
1471
1688
1785
2448
2775
3279
3668
3809
4034
4483
5689
5938
5971
7308
7442
7511
7782
7833
7990
8474
8668
9301
9555
10001
c0_l2_63
25
717
837
1025
1354
1542
1666
1848
2014
2145
2743
4916
5696
5777
5824
7098
7301
7639
7871
8132
8775
9001
9226
9840
9906
9957
c0_l2_64
25
184
246
1302
1439
1851
2940
2987
2997
4042
4143
4145
5056
5477
7030
7265
7527
8017
8204
8546
8622
8632
8750
9408
9853
9986
c0_l2_65
39
287
548
681
812
1259
1884
2153
2265
2268
2294
2324
2330
2404
2864
3249
3411
3657
4735
5199
5447
5865
6172
6229
6536
6998
7183
7361
7875
8153
8314
8480
8663
8704
9390
9479
9616
9691
9832
10012
c0_l2_66
72
486
492
620
731
737
824
1050
1184
1547
1549
1617
1709
1758
1940
1998
2517
2585
2592
2721
2976
3028
3111
3186
3243
3338
3650
3683
3763
3996
4014
4131
4313
4487
4496
4626
4982
5054
5055
5145
5220
5290
5509
5558
5886
6489
6612
6660
6793
6980
7196
7678
7931
8053
8114
8202
8225
8290
8361
8448
8695
8771
8785
8810
9002
9166
9183
9236
9587
9593
9761
9868
9903
c0_l2_67
25
1179
1479
1667
2028
2095
2249
3013
3097
3154
3629
3658
4892
4985
6234
6265
7046
7311
7672
7980
8072
8182
9127
9233
9372
9638
c0_l2_68
25
42
496
527
1062
1531
1774
2010
2030
2445
2923
3058
3483
3677
3735
4078
4675
4858
6121
6974
7407
7411
7641
7807
8010
8892
c0_l2_69
41
199
409
903
930
1237
1561
1664
1827
1850
1888
1981
2059
2394
2841
3450
3599
4068
4412
4696
4704
4709
4760
5095
5275
5282
5320
5405
5717
6550
7141
7328
7530
8198
8530
8576
9087
9253
9316
9721
9871
10014
c0_l2_70
25
303
327
1670
1744
2101
2420
2670
3762
3941
4379
4454
4549
4586
5379
5498
6035
6046
6824
7910
8077
8335
9188
9322
9584
9912
c0_l2_71
25
238
342
1126
1966
2119
2837
3456
3457
4539
5071
5173
5679
5850
6727
6741
6826
7386
7483
7896
7977
8063
8069
8086
8740
9827
c0_l2_72
28
334
427
1268
1285
1453
1922
2081
2189
2649
3126
3454
3589
3636
3716
3774
3788
4105
4444
5226
5335
6113
8508
8604
8751
8838
8922
9148
9588
c0_l2_73
25
848
1022
1586
1645
2208
3519
3893
4157
5443
5511
6273
6427
6620
6723
6749
7263
7636
7685
7911
8091
8975
9016
9052
9892
9994
c0_l2_74
25
317
773
878
1075
1412
1413
1678
1818
1904
1972
2226
2512
2764
3516
3829
4033
4195
5130
5492
6294
6472
7546
7781
8679
9038
c0_l2_75
25
3
393
430
672
730
1250
2106
2229
2504
4058
4159
4200
4201
4330
4590
4792
6389
6492
6663
6680
7462
7538
8180
8279
8591
c0_l2_76
25
59
373
680
1792
2239
2373
4497
4527
5065
5601
5610
5613
5808
6327
6874
6982
7327
7921
8100
8276
8654
8923
9067
9475
10036
c0_l2_77
25
1113
1147
1207
2331
3321
4363
4503
4693
4812
4889
5805
6084
6347
6451
6740
6827
7531
7828
7889
8928
8960
9259
9270
9468
9500
c0_l2_78
25
29
1918
2103
2352
3228
3940
3951
4079
4526
5595
5606
6204
6542
6591
6679
6868
8309
8416
8534
8631
8694
9317
9503
9659
9895
c0_l2_79
25
667
800
1569
2380
2434
3087
3312
5242
5359
5596
5619
5693
6153
6791
6969
7032
7068
7226
8155
8294
8469
8496
8571
8979
9610
c0_l2_80
25
17
28
56
70
411
679
702
776
953
1363
2385
3108
3377
3582
4480
4765
5605
6127
6954
7478
8404
8540
9242
9454
9605
c0_l2_81
27
290
1043
1502
2074
2099
2109
2416
2468
2672
2894
3297
3701
3719
3862
4506
5757
5853
6325
6668
7319
7393
7598
7737
8637
9003
9012
9527
c0_l2_82
37
9
109
213
1171
1628
1735
2347
2369
2436
2981
3409
3712
3791
4021
4245
4408
4762
5137
5292
5344
5534
5837
5894
5904
6409
6801
7093
7423
7576
8140
8269
8321
8788
8859
9215
9328
9646
c0_l2_83
28
201
1128
1144
1242
1616
2027
2470
2506
3518
3786
4259
4436
5181
5251
5615
6162
6270
6995
7234
7873
7900
7959
8544
8818
9576
9618
9670
9727
c0_l2_84
25
12
295
622
892
968
1100
1387
1485
1622
2232
2243
2508
3750
4175
4647
6188
6938
7279
7775
7801
8131
8706
9381
9699
9790
c0_l2_85
26
210
315
385
390
612
704
907
1138
1379
2528
2749
2808
2859
4118
4284
4720
4932
5158
6375
6678
6876
7051
7128
7617
7988
10011
c0_l2_86
25
380
420
523
774
2209
2530
2545
3640
3698
3824
4528
5044
5429
5739
6297
7075
7124
7773
8097
8612
9014
9237
9306
9512
9758
c0_l2_87
25
64
145
462
521
998
1205
1659
1861
2140
2215
2565
2768
3347
3777
5127
5463
5749
6753
7241
7624
7742
8518
8547
9583
9700
c0_l2_88
37
245
445
964
1480
2240
2438
2488
2569
3723
3726
3985
3998
4010
4329
4667
4907
5822
5841
5908
5909
5960
5966
6051
6108
6245
6318
6461
6804
7166
7207
7477
7897
7985
8886
8927
9211
9229
c0_l2_89
28
371
1088
1204
1511
2576
2601
3452
3540
3555
3606
3702
4061
4622
5472
5553
5967
6056
6871
6887
7480
7840
8031
8184
8444
8962
9205
9714
9797
c0_l2_90
26
120
429
517
1330
1726
1784
2021
2045
2052
2211
2393
2532
2658
2739
2786
2845
2938
3962
4740
4754
5394
5403
5559
7548
8877
9272
c0_l2_91
25
130
259
268
309
520
788
2671
3064
3155
3508
3579
4018
4545
4589
4685
6001
6219
6922
7134
7368
8332
9050
9131
9235
9409
c0_l2_92
25
294
514
925
2085
2755
2758
3853
4391
4397
4413
4554
4919
5034
5193
5538
6170
6253
6475
6503
7759
8110
9307
9614
9675
9953
c0_l2_93
44
177
709
1399
1631
1672
1946
2818
3823
3898
4005
4216
4420
4563
4750
4938
4995
5011
5150
5460
5531
5890
5924
6071
6220
6304
6847
7253
7385
7524
7790
7905
7928
7994
8461
8845
8847
9071
9162
9449
9474
9489
9784
9794
9978
c0_l2_94
32
391
951
1271
1601
2272
2701
2846
2961
3706
3835
4580
4723
4941
5585
5590
5618
5682
6329
6570
6655
6665
7027
7218
7677
7989
8094
8868
9051
9352
9398
9822
9919
c0_l2_95
25
399
632
1635
2300
2716
2731
2778
2868
3032
3631
3894
4769
5425
6214
6282
6344
6391
7099
8068
9320
9382
9383
9444
9567
9625
c0_l2_96
25
677
1420
1466
1715
2451
2726
2895
3153
3613
4288
4736
4798
4990
5062
5094
5261
5504
5505
5975
6943
7077
8970
9143
9241
9977
c0_l2_97
25
88
575
601
603
645
1643
2086
2162
2338
2858
2893
2906
3177
4728
5735
5738
5797
6194
6231
6780
6840
6959
8358
8556
9844
c0_l2_98
25
220
760
1555
1629
2133
2332
2441
2922
3007
3152
3251
3772
3789
4070
4179
5107
6334
6614
7023
7682
8443
9145
9349
9385
9729
c0_l2_99
41
92
558
596
913
1064
1320
1334
1593
1868
2180
2262
2609
2654
2746
2930
2942
2998
3092
3226
3813
3847
4081
4356
4466
5067
5742
6061
6066
6168
6629
7127
7229
7409
8157
8205
8434
8669
8713
8796
9210
10029
c0_l2_100
25
615
1150
1313
1329
1416
1649
2062
2307
2796
2937
3277
3604
3902
3976
4560
4874
4923
5138
5259
6343
7152
7637
8454
8884
9304
c0_l2_101
69
2
152
236
734
1135
1260
1532
1906
1991
2080
2301
2398
2583
2595
2612
2683
2966
3133
3284
3291
3460
3605
3647
3916
4049
4080
4439
4447
4511
4655
4848
5101
5135
5450
5791
5792
5868
6425
6544
6610
6735
6756
7014
7156
7172
7249
7266
7391
7537
7694
7739
7993
8046
8078
8287
8354
8551
8709
8710
8731
8744
9389
9535
9680
9807
9909
9991
10019
10030
c0_l2_102
25
911
979
2142
2276
2732
2734
3011
3254
4102
4231
4380
4844
5159
5172
5411
6143
6465
6774
7735
8037
8798
9056
9401
9811
10018
c0_l2_103
25
37
332
455
557
972
983
1312
1748
1836
3086
3245
3667
4719
5820
5977
6419
6976
7161
7312
7405
8665
8741
9107
9414
10004
c0_l2_104
25
168
239
364
842
1600
2680
3119
4222
4241
4734
5183
6069
6090
6458
6601
6725
6985
7297
7778
8237
8248
8733
9311
9740
9759
c0_l2_105
26
288
481
682
1196
1251
1282
1674
1967
2538
3138
3159
3491
4093
4240
4339
4630
4716
5762
5997
6268
6560
6707
6832
6953
8729
8837
c0_l2_106
25
868
1468
1921
2874
3060
3107
3142
3167
3282
4312
5061
5263
5291
6232
6586
7107
7488
7626
8774
8856
8972
9243
9386
9748
9952
c0_l2_107
25
412
446
691
909
1893
3208
3557
3609
3802
3900
4219
4457
5106
5339
5441
5676
5843
6287
6307
6658
7493
8042
8151
9163
9238
c0_l2_108
42
36
228
304
669
967
1143
1429
1492
2155
2656
2756
2852
3099
3105
3237
3439
4166
4518
4534
4536
4691
4749
5000
5607
5634
5677
5964
6086
6828
7362
7452
7686
8177
8399
8624
8821
8871
9568
9857
9934
9936
9983
c0_l2_109
25
1367
1507
2261
2785
2824
3273
3752
4634
4773
5617
5833
6386
6755
7039
7113
7345
7616
7715
7866
8879
8971
9245
9407
9491
9595
c0_l2_110
25
81
895
1037
1275
1808
2071
2888
3320
3353
3475
5277
5796
6512
6908
6909
7020
7401
7593
7629
7630
8609
9257
9778
9923
9963
c0_l2_111
25
1318
1470
2195
2426
2640
2944
3102
3360
3449
3627
4861
4998
5334
5650
6096
6454
6584
7417
7850
8381
8406
8593
9027
9070
9521
c0_l2_112
69
7
159
164
171
314
355
484
549
722
1445
1490
1816
2282
2318
2359
2688
2807
3029
3055
3070
3114
3182
3394
3679
3805
4027
4151
4244
4282
4726
5144
5306
5360
5363
5496
5586
5638
5870
5976
6074
6082
6135
6446
6625
7000
7294
7304
7342
7563
7704
7710
7856
8007
8021
8108
8238
8413
8472
8510
8778
8889
9057
9154
9297
9611
9662
9753
9878
10023
c0_l2_113
27
107
949
1681
2124
3065
3438
3553
3607
3704
4679
4945
5085
5346
5576
6410
6815
7102
7254
7284
7779
7953
8396
8542
8714
9534
9639
9884
c0_l2_114
25
595
1120
1364
1398
1539
1613
1840
2619
2663
2707
3203
3300
3462
3945
3995
4000
4823
4933
5238
5543
6548
6927
8227
8447
8746
c0_l2_115
25
1284
1384
1824
2560
2908
3468
3917
3933
4087
5688
6208
6357
6525
6701
6729
6797
7881
7909
8953
9000
9424
9548
9570
9752
9814
c0_l2_116
33
1198
1675
1783
1876
2040
2230
2952
3003
3214
3506
3532
3615
3675
3915
4458
4850
4891
5896
6277
6378
6671
6700
6888
6984
7392
7514
7895
8178
8408
8762
9047
9291
9368
c0_l2_117
28
140
279
285
297
570
771
850
1019
1865
2171
2557
2745
3090
3162
3221
3330
3537
3873
4643
5143
5146
6114
6650
7040
7151
7403
8566
8805
c0_l2_118
47
273
358
383
397
488
518
609
626
634
636
715
735
755
877
1356
1482
1514
1576
1738
2067
2628
2740
3091
3403
3539
3581
3778
3952
4471
4484
4485
5253
5875
6754
7757
8256
8359
8367
8644
9035
9264
9346
9421
9705
9834
9850
9968
c0_l2_119
25
61
1304
1322
1366
1961
2927
3018
3487
3611
3968
4146
4442
4657
4681
5973
6180
6496
7048
8087
8101
8165
8523
8560
8958
9396
c0_l2_120
25
43
555
571
1174
1300
1584
1746
1754
1911
2329
2935
2946
2991
3116
3660
3849
4164
4340
4729
5963
6399
7299
7587
9121
9929
c0_l2_121
25
876
1045
1272
1533
1767
1853
3095
3144
3661
3860
3906
4181
4600
4617
4822
5280
5491
5667
5781
6355
8517
8707
9083
9685
9997
c0_l2_122
25
463
1707
2112
2414
2437
2836
3238
3662
5070
6094
6283
6590
6764
6803
6869
6891
7277
7429
7701
8060
8757
9045
9688
9795
9982
c0_l2_123
71
589
1013
1331
1683
1734
1867
2076
2135
2271
2328
2444
2698
2838
3122
3235
3380
3433
3472
3709
3736
3978
4020
4114
4234
4353
4358
4387
4508
4678
4686
4738
4859
4924
4954
4972
4996
5122
5205
5246
5260
5408
5424
5518
5556
5620
5956
6104
6169
6241
6292
6301
6360
6694
6699
6963
7149
7286
7674
8018
8066
8329
8426
8615
8664
8770
9094
9176
9231
9251
9471
9494
c0_l2_124
26
99
1551
1577
1603
1662
1803
2381
2589
2817
3739
4128
4897
5384
5515
5654
5705
6038
6139
6252
6879
6926
7336
7440
8371
8858
9202
c0_l2_125
43
206
720
1149
1880
2008
2139
2419
2442
2539
2714
2916
3057
3084
3335
3792
4039
4194
4221
4309
4811
5461
5628
5756
5829
5862
6466
6549
6571
6576
6881
7394
7454
7634
7736
7935
8001
8047
8171
8286
9193
9295
9393
9768
c0_l2_126
25
160
274
813
1073
1337
1483
1999
2310
2643
2666
2777
2967
3129
3458
3757
3826
3837
3922
4249
4334
5907
5939
6336
7486
9723
c0_l2_127
25
443
473
499
501
547
581
633
642
766
2087
2327
2408
2652
2872
3461
3839
4094
4486
4499
4820
7062
8375
8419
8596
9862
c0_l2_128
25
31
992
1042
1365
1518
1594
1844
2325
2753
3165
3348
3852
4426
4519
5026
5836
6138
6186
7157
7320
7932
8839
9578
9672
9713
c0_l2_129
25
378
438
1202
1663
3857
3954
4103
4744
5221
5965
5972
6239
6249
6290
6683
7845
7918
8107
8360
9189
9430
9506
9744
9824
9930
c0_l2_130
27
250
1059
1108
1932
2011
3071
3547
3885
4453
4524
4669
5321
5392
5406
5478
5754
6202
6350
6952
7080
7288
7445
7501
7764
8759
9293
9612
c0_l2_131
25
83
1589
2759
3054
3689
3749
3754
3850
3901
4414
4522
4579
5685
6471
6674
6965
7491
7837
7956
8054
8968
9137
9825
9891
9974
c0_l2_132
25
72
134
362
472
1010
2225
2305
2885
3301
3503
3639
3804
3936
4269
5066
5153
7335
7398
7433
7436
7585
8297
9007
9076
9741
c0_l2_133
25
906
1521
1750
2281
2390
3649
3842
3914
4055
5256
5639
5786
5794
6136
6184
6438
6615
6845
6939
7194
7559
7785
7847
9180
9367
c0_l2_134
48
96
172
338
560
604
762
855
959
1116
1123
1245
1473
1568
1647
2042
2477
2487
3016
3618
3741
3747
4110
4163
4254
4459
4761
5084
5114
5244
5245
5848
5986
6562
6676
6848
6853
6925
7069
7370
7820
8147
8199
8219
8272
8403
8595
8977
9075
c0_l2_135
37
44
158
308
367
999
1034
1080
1417
1543
1701
2378
2659
2856
2929
4129
4360
4477
4733
4884
5713
5747
6083
6291
6354
6577
7009
7021
7055
7222
7743
8288
8458
8857
8904
8935
9085
9650
c0_l2_136
34
13
739
769
1023
1425
1446
1478
1526
1680
1936
2055
2476
3143
4052
4155
4399
4602
4705
4742
5096
5110
5930
6151
6154
6313
6619
7996
8048
8222
8254
8318
9111
9552
10008
c0_l2_137
25
559
568
587
611
994
1229
2105
2234
2360
2367
2848
3023
4173
4662
4706
4913
5089
6718
7084
7193
7708
7954
8282
8486
9117
c0_l2_138
25
282
1036
1039
1084
1092
1247
1849
3002
3864
4192
4199
4260
4778
5140
5368
5827
5979
6044
7555
7787
8313
8349
8961
9326
9524
c0_l2_139
37
39
93
331
408
804
811
1342
1590
1634
1741
1913
2573
2712
3037
4218
4294
4303
4451
5416
6261
6358
6724
7112
7365
7543
7689
7841
7885
8529
8701
8781
9149
9240
9285
9510
9617
9802
c0_l2_140
25
943
1085
1469
1641
2644
2792
2822
2865
2956
3586
3883
3993
4043
4237
4843
5929
6279
7275
7923
8320
8636
8931
8945
9309
9437
c0_l2_141
25
674
1232
1698
1711
2339
2348
2384
2694
2823
3720
3920
3926
4012
4262
5014
5024
5166
5783
5937
6144
6703
9025
9132
9480
9842
c0_l2_142
25
260
289
663
733
926
1009
2114
2379
3406
4196
4265
4297
4672
5141
5506
5523
5775
6018
6706
7175
8363
8369
8386
8666
9636
c0_l2_143
25
129
511
535
536
600
637
1140
1148
1283
2350
2855
3079
3233
3648
3959
4041
4273
4321
4582
4692
4759
4888
5375
7325
7496
c0_l2_144
74
20
26
137
216
302
319
666
783
1137
1257
1554
1646
1787
1864
2068
2152
2289
2679
2735
2812
3255
3262
3569
3574
3642
3758
3795
3991
4311
4327
4455
4813
4922
5116
5180
5437
5467
5662
5879
5887
5943
6012
6710
6765
6883
7353
7476
7542
7768
7789
7812
7971
8039
8176
8189
8193
8217
8427
8433
8773
8811
8867
9039
9044
9115
9252
9507
9550
9571
9637
9808
9899
9941
9945
c0_l2_145
47
402
471
1028
1371
1612
1983
2018
2832
2844
2932
3351
3863
4025
4341
4523
4731
4763
4905
5035
5399
5581
5593
5657
5664
6047
6125
6148
6359
6498
6935
6960
7203
7256
7402
7723
7763
7826
7925
7973
8874
9249
9342
9443
9579
9628
9668
10002
c0_l2_146
26
1296
1361
1705
2060
2254
2954
3082
3371
4098
4403
5088
5317
5402
5501
6058
6085
6257
7783
8148
8150
8293
8764
8846
9234
9283
9429
c0_l2_147
25
264
442
544
561
1132
1763
2238
2287
2417
2449
2537
2820
3247
3912
4417
4575
5658
5832
7165
7564
7574
8715
9528
9777
9809
c0_l2_148
25
417
1870
2471
2675
2934
2977
3296
3470
3626
3730
3878
4449
5139
5236
5249
5419
5706
6864
7425
7844
7864
8799
8998
9095
9716
c0_l2_149
41
41
699
818
884
984
2572
3017
3492
3971
4037
4205
4431
4464
4542
4851
4866
5295
5532
5632
5947
6230
6788
6932
7285
7355
7799
7883
8146
8149
8221
8440
8507
8702
8732
9009
9030
9042
9292
9300
9573
9971
c0_l2_150
39
147
377
504
767
1436
1461
1908
1924
2453
2535
2678
2718
2736
3172
3413
3423
3608
3628
3843
4346
4476
4478
4653
4659
4809
5278
5830
5944
6039
6413
6884
7094
7943
8274
8816
8883
9192
9484
10016
c0_l2_151
25
345
723
777
1278
2682
2795
3280
3651
4402
4500
4766
5537
5652
6206
6579
6687
7463
7465
7711
7941
8093
9458
9485
9540
9645
c0_l2_152
94
69
135
352
748
758
898
915
1277
1381
1431
1694
1743
1815
1926
1976
2002
2173
2200
2400
2413
2463
2469
2586
2706
2905
3027
3201
3266
3471
3727
3785
3910
4075
4228
4325
4411
4517
4535
4821
5195
5213
5455
5476
5484
5488
5583
5608
5635
5669
5695
5730
5849
5921
6322
6342
6415
6416
6463
6532
6702
6745
6750
6830
6886
6907
6948
7095
7137
7228
7379
7389
7505
7571
7580
7631
7806
7822
7951
8015
8034
8116
8251
8395
8476
8516
8671
8787
8983
9074
9378
9577
9594
9673
9708
c0_l2_153
35
225
229
753
1339
1350
2012
2050
2077
2342
2931
3021
3178
3259
3833
4316
4577
4965
5268
5643
6777
6934
7471
7619
7793
8196
8580
8730
8790
9013
9473
9496
9847
9954
10005
10033
c0_l2_154
25
346
476
690
2048
2292
2389
2502
2543
3501
3534
3836
4448
4627
5485
5905
5962
6110
7007
7400
7901
8044
9010
9092
9380
9782
c0_l2_155
25
261
423
474
973
1519
1886
1957
2623
2867
2925
4649
5016
5790
5945
6449
6643
7788
7902
8259
8422
8638
8712
9185
9498
9518
c0_l2_156
25
789
806
1821
2356
2970
2973
3234
3602
3925
4223
4609
4663
4808
5430
5809
6433
6526
7492
7535
7597
7635
7769
7879
8296
8351
c0_l2_157
31
267
707
712
1077
2164
2296
3404
3714
3856
4044
4066
4335
4364
4695
5103
5121
5469
5660
5803
6131
6201
6613
6654
6920
7252
7322
8500
8570
8995
9288
9452
c0_l2_158
25
298
897
1000
1091
1159
1619
1693
1728
2079
2089
2223
2591
3333
3560
4687
4747
6116
6873
7224
7949
8059
8236
9089
9175
9254
c0_l2_159
25
98
182
205
410
1001
1389
1433
1537
1632
2362
2489
3645
3682
4756
5271
5653
6015
6786
7119
7221
7603
7999
8463
9284
9517
c0_l2_160
25
503
598
706
1131
1156
1231
1373
2288
2458
2578
2715
2850
3073
3288
3304
3908
4227
4804
4963
5214
5243
5647
6652
6719
8520
c0_l2_161
25
124
328
1021
1076
1352
1703
1934
2461
3630
3983
4050
4557
4833
5182
5724
5746
6173
6372
6403
6686
6850
7269
7449
8218
9718
c0_l2_162
33
5
321
651
1191
1719
1933
2057
2248
2821
3000
4593
4683
4900
5174
5298
5322
5459
5584
5672
6223
6509
6708
7115
7332
7366
7663
7930
8122
8509
9186
9446
9746
9783
c0_l2_163
25
292
368
865
976
997
1099
1153
1297
1679
1977
2201
3632
4235
4389
4456
4927
5354
5816
6634
7797
8244
8691
9223
9596
9742
c0_l2_164
25
173
1228
1407
1477
1644
1877
2213
2479
2999
3147
3548
3633
3680
4169
4599
4834
4928
4929
4988
7307
7513
7702
8049
8344
9810
c0_l2_165
25
370
947
1597
1945
2661
2924
3342
3357
4537
4614
4953
4959
4978
4986
5740
6147
6312
6384
6574
6730
7406
7502
7995
8724
9445
c0_l2_166
44
927
1142
1190
1370
1582
1661
1823
1910
2049
2110
2156
2333
2596
2889
3096
3113
3276
3875
3923
4130
4317
4407
4532
4587
4956
5361
5710
6100
6505
7146
7540
7851
7887
8090
8938
9080
9273
9335
9538
9599
9801
9831
9837
9981
c0_l2_167
25
301
1359
1567
1969
2896
3035
3083
3230
4268
4976
5347
5540
5663
6150
6155
6346
6517
6602
7129
7213
7352
7622
8753
8832
9140
c0_l2_168
25
787
1789
1862
2033
2147
2520
3511
3533
3591
4388
4514
5017
5027
5198
5252
5594
5649
5901
6041
6351
6502
7824
8942
9123
9353
c0_l2_169
25
616
857
1222
1335
2551
2662
2890
3408
4076
4101
4308
4548
4999
5032
5529
5561
5627
6262
6457
6481
7118
8307
9836
9907
9996
c0_l2_170
25
22
1027
1609
2957
3039
3271
3327
3531
3775
5050
5374
5732
7047
7070
7259
7520
7539
7596
7692
7777
8159
8400
8772
9898
9989
c0_l2_171
42
111
131
293
414
867
879
950
1151
1241
1474
1536
2558
2603
2651
2901
2918
3123
3669
3766
3913
3969
4846
5051
5175
5417
5642
5811
5989
6397
6501
6672
6866
6970
7458
7892
8084
8450
8742
8950
8984
9199
9915
c0_l2_172
26
1472
1769
1791
2120
2581
2669
2765
3025
4197
5013
5063
5272
5395
6052
6166
6510
6575
6807
7019
7091
7268
7811
8553
8895
9212
9656
c0_l2_173
25
146
894
962
1014
1175
1291
1807
1968
2157
3610
4794
5108
5299
5666
6057
6345
6361
6911
7567
7745
8696
8949
9360
9483
9924
c0_l2_174
25
406
512
794
1079
1776
1882
1964
2521
2625
2827
2862
2866
3293
3477
3544
3909
4401
4479
4867
5133
5983
8033
8043
9667
9775
c0_l2_175
45
1
353
444
487
650
825
1063
1427
1448
1451
2269
2620
2761
2881
3502
3507
3563
4182
4371
4377
4543
4584
4654
4852
5053
5156
5316
5449
5648
5700
6533
7167
7430
7720
8748
8849
8944
9102
9118
9198
9281
9302
9356
9877
9985
c0_l2_176
25
599
742
880
912
2522
2605
2801
2854
3489
3526
3541
4977
5168
5388
5587
5645
5723
5872
6540
7262
7479
7614
7638
8565
8965
c0_l2_177
26
336
955
1055
1397
1624
1660
2553
2615
3841
4276
4710
4784
4958
5171
5533
6310
6437
7216
7643
8325
8851
8954
9177
9204
9402
9478
c0_l2_178
26
1323
1718
3459
4168
4473
4652
4658
5152
5189
5262
5276
5597
5665
6405
6450
7470
7526
7594
7766
8438
8610
8855
8930
9601
9805
9852
c0_l2_179
25
316
545
816
890
1358
2001
2172
2830
2869
3075
4429
4611
4877
5041
5206
5568
5661
5825
6520
6968
7660
8493
8809
8906
9119
c0_l2_180
25
117
132
218
1072
1134
1221
1456
2111
2297
2472
2505
2771
2773
3005
3594
4180
4701
5208
5807
7044
8170
8735
8739
9150
9658
c0_l2_181
25
63
253
398
1916
1949
2063
2175
2344
3189
3326
4167
4635
4741
4854
4869
5215
5349
6043
7024
7647
7835
8246
8273
8563
9165
c0_l2_182
37
661
763
974
1160
1206
1633
1714
2611
3484
3570
4137
4160
4189
4981
5093
5104
5123
5332
5813
5898
6118
6130
6499
6558
6633
7079
7556
7562
8429
8485
8699
8987
9024
9620
9879
9958
9975
c0_l2_183
25
569
1464
1788
2006
2246
2315
2480
2693
3398
4828
5187
5342
5542
5708
6102
6160
6248
6656
6667
7396
7444
8499
8527
8700
9654
c0_l2_184
26
365
738
1419
1648
2058
2178
2212
2264
2368
2695
3193
3227
3399
3840
5352
5539
6093
6242
6569
7220
7363
7882
8025
8673
9682
9943
c0_l2_185
25
757
1212
1281
1486
3042
3504
3895
4342
4596
4757
4837
5170
5232
5355
5409
5574
6243
6805
7182
7339
8383
8487
8488
8794
9633
c0_l2_186
25
538
1308
1344
1860
1958
2397
2428
2632
2794
2871
2990
4279
4302
4445
4730
5435
5582
5953
6106
7374
7447
7819
8011
8621
9973
c0_l2_187
25
516
1246
1566
2466
2636
3015
3798
4211
4229
4847
4993
5162
5446
6165
6205
7215
7240
7243
7544
7961
8085
8481
8519
8693
8820
c0_l2_188
25
821
1355
1942
2402
2806
2904
3103
3149
3437
4267
4322
4338
4864
5080
5294
5454
5562
6103
6124
6211
6460
7101
7421
8567
8916
c0_l2_189
25
386
958
2121
2247
2259
2357
2747
3325
3344
3575
3801
4073
4293
4422
5514
6543
6580
7081
7718
8939
8948
9008
9439
9482
9657
c0_l2_190
28
175
505
2391
3045
3455
3817
3943
4111
4113
4930
5112
5566
5600
5753
5776
5823
6036
6383
6546
6914
7176
7250
7387
7473
7800
8388
9122
9706
c0_l2_191
25
95
156
982
1124
1178
1238
1831
2221
2886
2985
3062
3728
5006
5178
5254
5378
5578
7100
7272
7512
8353
8555
9168
9279
9344
c0_l2_192
25
198
497
846
889
1118
2032
2072
2754
3388
3693
4717
5579
5992
6107
6393
6623
6958
7106
7558
7664
7838
7849
7919
8181
8608
c0_l2_193
25
366
627
2219
2253
2277
2750
2947
3989
4400
4961
5386
5414
5551
5614
6233
6366
6563
7136
7414
7792
8475
8985
9256
9394
9874
c0_l2_194
25
166
858
1233
1598
1745
2252
2431
2515
2584
3482
3580
3732
4126
4547
5188
5499
5683
5801
6293
6714
7202
7575
8607
9462
9537
c0_l2_195
25
419
660
1340
1538
2128
2363
2969
3008
4873
5589
5602
5716
6340
6950
6992
7258
8022
8378
8549
9153
9155
9271
9438
9694
9901
c0_l2_196
25
658
991
1107
1541
1731
2793
3687
3819
4410
5323
5671
5768
5954
6030
6216
6647
6673
7018
8167
8185
8203
8240
8311
9345
9629
c0_l2_197
25
65
425
562
843
956
1183
2396
2455
4628
4829
4879
5285
5486
5670
5782
6037
7795
7942
8050
8125
8947
9276
9373
9487
9715
c0_l2_198
25
796
1503
1665
2555
3343
3400
3488
3671
4501
5005
5847
6748
7181
7360
7698
8032
8398
8620
8716
8921
9222
9692
9820
9861
10017
c0_l2_199
25
138
231
359
554
1630
1762
2291
2554
2742
4153
4751
5018
5223
5864
5950
6440
6442
7078
7310
7846
8104
8471
8554
8584
8689
c0_l2_200
25
847
1060
1963
2475
3578
3751
4307
5367
5687
5763
5897
6080
6339
6432
6732
6957
7662
7794
8216
8281
8465
8539
8672
9679
9738
c0_l2_201
25
1512
2518
2816
3332
3361
3436
3643
3927
4108
4468
4997
5281
5633
5891
5932
6137
6379
6455
7338
7551
8079
8420
9787
9937
10035
c0_l2_202
25
711
845
891
923
1078
1481
2263
2306
2411
2533
3593
3696
3708
3821
5948
6467
6493
6606
7232
7497
7592
7832
9465
9466
9533
c0_l2_203
25
665
718
886
1058
1170
1890
3387
3542
4492
4621
4845
5302
5325
5483
5536
5630
5980
6008
6823
7162
7316
7321
7863
8690
10000
c0_l2_204
48
187
838
863
1395
1442
1580
1591
1793
1811
1937
2029
2159
2166
2395
3366
3523
3538
3961
4236
4830
4839
4909
5119
6003
6078
6176
6288
6469
6516
6521
6818
7239
7324
7821
7854
8126
8197
8266
8315
8333
8366
8466
8888
9120
9232
9366
9376
9980
c0_l2_205
32
101
212
1083
1829
2278
2510
3066
3216
3354
4656
5326
5468
6013
6105
6535
6555
6603
7054
7147
7331
7658
7753
7817
7899
7945
8006
8208
8543
9278
9450
9707
10026
c0_l2_206
26
435
689
701
1111
1255
2285
2757
4625
4826
4887
5209
5622
6000
6016
6414
6739
6779
7002
7432
7767
7827
8162
8271
8277
9415
9621
c0_l2_207
27
585
985
1348
1729
1980
2744
2972
3393
3974
4326
4619
4640
4902
5858
5885
6087
6278
7852
7859
8291
8728
8749
9040
9608
9780
9893
10034
c0_l2_208
25
1235
1244
1677
1712
2963
3036
3390
4002
4019
4365
4368
4918
5057
5348
6119
7015
7050
7237
7448
8209
8808
9440
9508
9890
9910
c0_l2_209
47
16
329
874
904
918
921
938
1357
1402
1588
1654
1756
2550
2763
2988
4278
4328
4474
4722
4745
5202
5338
5444
5729
5903
5985
6091
6189
6228
6412
6709
6757
6821
6904
7073
7076
7192
7733
7979
8597
8841
8848
8878
9068
9112
9327
9661
c0_l2_210
32
668
1520
1605
1859
2273
3395
3656
3686
4555
4724
4903
5040
5072
5895
6097
6129
6260
6320
6551
6836
6993
7730
7860
7960
8393
8598
8789
8914
9060
9097
9354
9838
c0_l2_211
26
51
607
641
1162
2183
2575
2627
2849
3267
3379
3391
3812
3956
4224
4591
4618
4964
5250
6272
6298
6611
6799
6892
7872
8592
9105
c0_l2_212
25
224
230
1167
1369
1400
1403
1493
1559
2495
3359
3375
3871
4003
4035
4530
4641
4940
5117
5161
5329
6197
6274
6996
7906
8840
c0_l2_213
25
186
434
1264
1737
2600
3616
4418
4775
5003
5060
5385
5707
6109
6236
6284
6477
7185
7276
7459
7577
8074
8280
8898
9142
9544
c0_l2_214
25
678
1995
3260
3334
3435
3522
3724
3938
3977
4220
4939
5266
6406
6747
6806
6916
7814
8761
8779
8990
9221
9258
9626
9771
9972
c0_l2_215
25
179
234
464
684
815
1353
1873
2154
2319
3137
3418
3690
4183
4908
5196
5327
5765
5881
6392
6431
6862
7464
8601
8976
9330
c0_l2_216
38
746
936
963
1288
1295
1527
1856
1959
2217
2507
2834
2880
3425
3431
3498
4263
5744
6076
6394
6395
6435
6763
7245
7270
7656
8117
8174
8239
8535
8862
9032
9099
9323
9425
9590
9881
9905
9998
c0_l2_217
27
330
381
454
1258
1510
1639
1825
2878
3624
3756
3928
4394
4800
4944
5237
5577
5784
6479
6578
6951
7122
7210
7323
8322
8538
8826
9532
c0_l2_218
25
1109
1573
2084
2214
2547
2751
3213
3372
4028
4064
4121
4438
5185
5445
5552
6445
6495
7071
7485
7714
7952
7986
8136
8722
9623
c0_l2_219
25
556
1443
1879
1953
2485
2713
2748
4674
4780
4894
5134
5567
5719
5758
6508
7408
7665
8083
8243
8626
8941
9054
9171
9280
9419
c0_l2_220
48
192
564
853
1068
1096
1305
1535
2193
2345
3051
3309
3446
3447
3931
4116
4212
4615
4797
4951
5387
5834
5866
5920
5946
6077
6156
6198
6349
6486
6559
6839
6900
6955
7209
7383
7628
7684
7741
7912
8120
8212
8439
8532
8659
8891
9062
9785
9798
c0_l2_221
25
254
2160
2552
2686
3367
3495
4015
4373
4421
4550
4791
4952
5874
6020
6059
6518
6567
7404
7648
8135
8163
8497
8617
8649
9867
c0_l2_222
29
255
306
551
761
1136
1197
1721
1988
2000
2326
2588
2681
3378
3761
3979
4053
4390
4559
4893
5201
5674
6095
6300
6593
7532
7869
8758
9793
9916
c0_l2_223
25
106
283
2007
2529
2737
3006
3209
3310
3362
3699
4127
5019
5592
5722
5990
6599
6841
6997
7273
8630
8869
9091
9308
9763
9984
c0_l2_224
25
50
68
727
820
1501
2313
2766
2920
3089
3551
3872
4515
4564
5919
6054
6275
6316
6630
7010
7160
7615
8003
8207
8451
9704
c0_l2_225
25
32
73
155
552
659
686
817
1494
1994
2902
3125
3175
3432
3810
4583
6191
6420
6681
6761
7706
8038
8092
9152
9624
9689
c0_l2_226
25
986
1158
1396
2025
2091
2577
2741
3204
3703
4860
5227
5333
5487
5519
5785
5958
6692
6910
7003
7235
7609
7796
8557
9244
9647
c0_l2_227
25
87
185
1024
1414
3364
3445
3479
3807
3960
4099
4187
5380
5926
6146
6222
6280
6323
6720
7029
7419
7843
8345
8501
8573
8834
c0_l2_228
42
75
144
305
396
528
785
1203
1249
1293
1832
1878
1982
2017
2039
2082
2462
2704
2722
3453
3742
4702
4725
4793
4806
4825
5004
5305
5319
5442
5714
6480
6731
7096
7816
8289
8409
8569
8578
8678
9261
9918
9927
c0_l2_229
25
167
1324
1327
1475
1578
1798
2770
3814
3855
4140
4361
4689
4885
5109
5240
6736
7351
7625
7968
8418
8937
9331
9461
9519
9664
c0_l2_230
35
14
45
202
1166
1544
1794
2641
2993
3179
3466
4446
4592
4605
4915
5102
5167
5490
5733
5774
6171
6221
6296
6411
6605
6789
7089
7186
7188
7200
7752
7823
8137
8467
8674
9457
c0_l2_231
25
1262
2056
2255
2665
2784
3415
3535
3767
3950
4504
5184
5241
6028
6089
6370
6547
6649
6810
6946
7260
8346
8754
8899
9158
9799
c0_l2_232
35
62
85
432
648
978
1460
1604
1912
1960
2891
3157
3195
3595
3672
4067
4082
5045
5179
5859
5867
6002
6099
6199
6524
6618
6898
6999
7150
7732
8795
8967
9048
9147
9161
9336
c0_l2_233
25
747
2047
2673
3478
3911
4376
4425
5337
5365
5745
5933
6330
6626
6696
6933
7038
7145
8158
8872
9006
9305
9351
9690
9806
10024
c0_l2_234
25
60
150
375
900
1011
1423
1775
2115
3514
3572
3684
4152
4295
5315
6006
6011
6429
6638
6940
8525
8819
9411
9455
9671
10025
c0_l2_235
25
782
790
1332
1390
1515
2129
2567
2618
4491
4700
5978
6659
6855
6919
6991
7937
8064
8579
9208
9224
9683
9894
9913
9944
9949
c0_l2_236
25
110
530
662
1193
1374
1727
1855
3473
3556
4639
5526
5767
6026
6192
6271
6675
7012
7913
8350
8708
8830
9247
9341
9556
9603
c0_l2_237
33
108
407
916
948
1444
1655
1717
2228
2526
3069
3098
3464
3790
3946
4024
4184
4934
5770
6474
6854
7042
7280
7422
7475
7518
7830
8020
8098
8173
8343
8910
9897
10006
c0_l2_238
25
337
924
1869
1902
2022
2117
2194
2266
2564
2974
4100
4239
4382
5401
5673
5878
5959
6622
7043
7087
7120
7133
8455
8550
9946
c0_l2_239
25
961
1188
1903
2371
2608
2840
2992
3187
3755
3783
4023
4071
4139
4178
4433
4481
5699
6251
6363
6387
6407
7121
7126
8833
9023
c0_l2_240
42
25
708
808
1181
1638
1813
1891
2009
2311
2382
2945
3041
3261
3416
3808
3865
4054
4298
4801
5712
5736
6034
6209
6600
6698
6728
6901
7144
7205
7208
7314
7508
7541
7917
8096
8482
8572
8982
9005
9313
9684
9886
c0_l2_241
25
716
849
1047
1430
1487
1795
2503
3392
3718
4208
4266
5286
5357
5377
5842
6021
7219
7878
8457
8477
8784
9541
9854
9962
10022
c0_l2_242
25
475
1528
1692
2256
2574
2604
3268
3867
4112
5287
5915
6332
6648
6657
7049
7281
8190
8337
8436
8437
8613
8760
8870
9299
9397
c0_l2_243
31
114
307
814
1405
1467
2491
3318
3440
3600
3612
4544
4642
5049
5059
5304
5393
5528
5637
5778
5911
6834
7058
7283
7578
7649
8285
8328
8594
8812
9695
9926
c0_l2_244
25
47
191
506
1450
1457
2341
2388
2467
2561
2590
2667
2729
2811
2910
3026
3101
3131
3171
3644
4158
4460
4748
4856
5293
7315
c0_l2_245
25
204
286
441
966
1292
1997
2334
2335
2642
3212
3405
4461
4703
4737
4835
5520
5686
5703
6303
6483
6669
6859
7318
8641
9589
c0_l2_246
33
112
421
1002
1117
1610
1797
1802
1984
2250
2516
2598
3183
3386
3816
3827
4331
4677
4973
4979
5413
7016
7065
7337
7357
7612
8082
8278
8283
8468
8559
8815
9169
9515
c0_l2_247
25
376
832
922
1702
2150
2509
2684
3050
3421
4193
4942
4948
6235
6374
6390
6726
6863
7390
7640
7668
8767
9476
9712
9724
9866
c0_l2_248
29
243
1360
1422
1689
1782
1954
1974
3151
3550
4148
4430
4510
4698
4994
5105
5659
5741
6258
6333
6851
6979
7223
7437
7652
7693
8056
8464
9066
9717
c0_l2_249
25
1404
2123
2222
2270
2284
2351
2354
3067
3349
4030
4758
5126
5812
5815
5835
6031
6476
6573
7130
7246
7446
7618
7870
9144
9207
c0_l2_250
25
15
566
893
1530
1571
1669
1820
2614
2730
3745
4122
5169
5426
5508
5798
5877
6628
7450
7503
8127
8250
8257
8585
8980
9959
c0_l2_251
26
448
696
1074
1227
1393
1394
2020
2372
2978
3118
3231
3244
3939
4138
4372
4502
4623
5845
5883
6341
7347
7456
7474
7584
7659
9751
c0_l2_252
25
149
452
751
768
778
888
941
2493
2691
2842
3110
3263
4261
4636
5711
6019
6152
6452
6537
7468
8139
9156
9182
9477
10031
c0_l2_253
25
318
453
754
1194
1491
1800
2100
2423
2810
3202
3948
3963
4072
4694
4862
5025
5655
5680
6785
7500
7566
7675
8667
8793
8912
c0_l2_254
34
52
249
809
920
1048
1484
2527
2548
3136
3164
3868
3981
4097
4296
4551
4684
5376
5621
6200
6771
7025
7153
7231
7589
7610
8088
8141
8727
8876
9130
9136
9321
9619
10015
c0_l2_255
70
170
235
247
258
291
326
529
732
829
887
1164
1236
1437
1990
2013
2556
2697
2835
2968
3620
4007
4092
4162
4252
4440
4465
4665
4886
5043
5069
5233
5313
5331
5345
5358
5598
5922
5927
6101
6195
6266
6561
6564
6581
6585
6589
6744
6849
7184
7560
7595
7734
7755
8055
8133
8324
8389
8432
8577
8813
8822
8854
8997
9126
9230
9350
9702
9739
9816
10028
c0_l2_256
25
209
460
483
579
2948
3124
3341
3737
4305
4606
4707
5008
5082
6338
7008
7519
7570
7600
8076
8513
8581
8988
8993
9580
10009
c0_l2_257
25
55
344
524
526
1796
2267
2361
2805
3765
4009
4598
5075
6286
6402
6986
7591
7727
7740
8326
8512
8687
9338
9536
9686
9999
c0_l2_258
27
217
278
584
592
646
1106
1213
1306
1739
2769
3100
3329
3407
3768
3771
4001
4006
4432
5554
5560
6159
6697
6746
6880
7700
7762
8726
c0_l2_259
43
741
779
834
869
1704
1760
1790
1806
1935
2004
2245
2497
3010
3014
3229
3339
3528
3769
3806
3844
3874
3897
4171
4711
4777
5118
5422
5480
6023
6401
6583
6842
7108
7169
7369
7507
7776
8368
9114
9575
9769
9773
9904
c0_l2_260
25
389
740
883
928
1093
1226
1447
1465
1621
1817
1970
2177
2235
2242
2425
3294
5888
6857
7751
7784
7976
8489
8705
9781
9948
c0_l2_261
25
625
728
1003
1522
1770
2043
2355
2534
2536
2657
3188
3585
3831
5132
5479
5575
5684
5788
6123
6157
6685
7045
7333
7791
7997
c0_l2_262
25
183
1086
1314
2041
2418
3117
3269
4217
4815
5475
5961
6430
6924
7159
7174
7295
7798
7969
8164
8483
8526
8959
9545
9640
9921
c0_l2_263
25
122
163
241
248
347
458
1121
1881
2132
2501
3731
4109
4144
4210
4463
4631
4810
5046
5573
5855
6552
7804
8255
8688
9522
c0_l2_264
25
388
1031
2676
3161
4541
4664
4842
5042
5564
5715
6422
6616
6711
6809
7033
7086
7110
7731
7829
7834
8113
8575
9134
9200
9432
c0_l2_265
43
126
404
493
494
610
624
703
952
1583
1652
1658
1992
2066
2069
2407
2433
2964
3240
4396
4569
5773
5957
6073
6259
6285
6640
6860
6942
7303
7372
7469
7547
7549
7865
7884
8119
8128
8175
8183
9239
9269
9347
9632
c0_l2_266
25
477
618
1898
2186
2622
2645
2800
3239
5131
5219
5517
5873
5893
6737
6784
6987
7611
7805
7924
8070
8129
9363
9410
9542
9940
c0_l2_267
42
91
310
697
752
841
862
899
993
1462
1740
1917
1928
2478
3080
3104
3319
3352
3566
3567
3748
3815
3966
4243
4796
5396
5502
5692
6966
6971
7248
7516
7898
7929
7984
8298
8394
8685
9043
9157
9170
9509
9992
c0_l2_268
47
299
335
580
1168
2107
2321
2452
2975
3191
3198
3373
3384
3412
3444
3512
3794
4057
4150
4419
4525
4572
4612
5033
5078
5328
5541
5631
5821
6328
6556
6587
6595
6598
6609
6790
7418
7671
7948
7970
7975
8030
8316
8430
8431
8625
9101
9559
c0_l2_269
25
58
86
1252
1325
1682
1899
2005
2833
2897
3417
3905
4937
5314
5993
6122
6443
7287
7534
7916
8168
8356
8653
9139
9774
9789
c0_l2_270
25
269
469
647
957
1182
1411
1673
2304
2789
3356
3568
3729
3764
3921
4123
5239
5407
5493
6800
7399
7457
7748
8179
8843
9412
c0_l2_271
46
6
10
19
54
102
194
265
350
670
910
1094
1114
2474
2719
3414
3485
3646
3858
3980
4505
5228
5471
5612
5769
5969
6017
6417
6462
6554
6670
6689
6870
6956
7607
7756
7848
8036
8109
8154
8195
8348
8442
8498
8656
9531
9745
c0_l2_272
25
403
465
810
1214
1377
1386
1723
1907
2559
2899
2914
3376
4124
4291
4467
5489
5626
6783
7041
8186
8229
8364
8901
9422
9653
c0_l2_273
27
232
937
1347
1581
2274
2415
4385
4752
4910
5074
5194
5759
5991
6027
6190
6337
7255
7573
7810
7966
8252
8305
8828
9184
9423
9882
9987
c0_l2_274
35
990
1224
1764
2317
2562
2980
3225
3486
3497
3876
4008
4174
4207
5307
5438
5623
5752
6255
6538
6716
6837
6905
7354
7384
7416
7927
8268
8391
8909
9072
9179
9405
9426
9463
9574
c0_l2_275
25
356
772
1267
1866
1929
2610
3207
3211
3232
3313
3664
4991
5350
5565
5668
5910
6196
6396
6597
6690
7244
7415
7435
8275
9967
c0_l2_276
25
1732
2366
2446
2571
2876
3286
3665
3825
3886
3992
4147
4161
5164
5366
5725
6400
6773
7088
7680
8029
8112
8295
8619
9213
9369
c0_l2_277
25
340
965
1950
2227
2387
2912
3496
3688
4629
4788
5207
5351
5432
5701
6133
6607
6843
7212
7880
8124
8317
8445
8524
8623
8992
c0_l2_278
39
153
180
413
479
588
594
1615
1671
2199
2337
2648
2774
3295
3465
3676
4264
4300
4405
4437
4570
5081
5356
5780
6009
6126
6299
6441
6846
7199
7651
7983
8376
8411
8969
8974
9063
9125
9315
9737
c0_l2_279
39
431
436
1119
1139
1372
1716
1923
1952
2094
2108
2353
2435
2631
2646
3218
3673
3972
4016
4280
4585
4613
5210
5369
6317
6645
6705
6722
7257
7438
7472
7498
7697
7936
8123
8377
8850
9511
9558
9586
c0_l2_280
25
40
859
1424
2570
2613
3020
3854
4117
4202
4384
4529
4573
5225
5549
5691
5787
7148
7382
7998
8392
8718
9334
9470
9652
9860
c0_l2_281
25
836
2450
2629
3877
4069
4185
4610
4708
4802
4824
5507
5755
6141
6893
6896
7111
7198
7523
7586
8194
8424
8446
8494
8606
8684
c0_l2_282
25
792
1382
1668
2104
2196
3401
3515
3623
3890
4022
5149
5604
5949
6210
6534
6684
6967
7334
7431
7439
7808
8428
8725
9190
9486
c0_l2_283
25
181
1005
1176
1210
1310
1920
2286
2295
2607
3429
4275
4688
4904
5840
6161
6177
6973
7154
7201
8441
9049
9786
9817
9875
9914
c0_l2_284
25
139
426
1018
1201
1211
2780
3494
3997
4246
4917
5300
5516
6149
7242
7646
7690
7774
7933
8453
8479
8629
8686
9513
9630
9747
c0_l2_285
36
1239
1362
1570
1975
2070
2143
2174
2185
2290
2303
2703
3048
3597
3818
3932
4285
4816
5030
5052
5371
5382
6065
6314
6368
7687
7888
8000
8347
8504
8627
8776
9090
9138
9303
9436
9988
c0_l2_286
25
451
2915
3001
3474
4059
4450
4782
5079
5462
6309
6484
6713
6796
7114
7158
7291
7434
7760
8105
8342
8521
8755
9037
9384
9730
c0_l2_287
36
440
482
639
1266
1454
1819
1948
1993
2302
3305
3323
3934
3994
4176
5039
5047
5157
5273
5474
5856
6120
6500
6890
7163
7211
7683
8339
8470
8548
8633
8736
8738
9041
9255
9756
9764
c0_l2_288
25
142
270
495
1333
1847
2065
2346
3166
3168
3426
5148
5771
6185
6582
6802
7059
7190
7903
7939
8142
8533
8587
8737
9447
9942
c0_l2_289
92
18
105
190
325
394
491
714
724
1015
1044
1065
1230
1253
1495
1623
1636
1843
1875
1883
2260
2308
2616
2630
2689
2767
2772
2857
2943
3192
3308
3324
3451
3509
3546
3552
3554
3870
4045
4214
4362
4616
4895
4984
5097
5099
5372
5418
5569
5698
5709
5728
6179
6225
6315
6385
6795
6895
6949
7060
7125
7377
7388
7510
7605
7644
7712
7815
7858
7915
8028
8187
8263
8301
8492
8605
8648
8745
8765
8905
8933
9128
9159
9250
9262
9406
9641
9833
9865
9961
10007
10013
10020
c0_l2_290
25
227
281
749
2169
2429
2860
3820
3851
4516
4840
4855
5077
6007
6596
6798
6903
6918
7890
8106
8306
8603
8628
8924
8996
9762
c0_l2_291
26
1298
1506
2096
2711
2847
3033
3176
3257
3287
3314
4637
4871
5571
5588
6348
6514
6768
6776
7344
7667
7853
8299
8611
8660
9109
9720
c0_l2_292
26
519
797
844
1103
1341
1432
1585
1919
2148
2853
2879
3012
3828
4668
4881
5115
5191
5343
5760
7083
7090
7955
8616
8763
9469
9514
c0_l2_293
25
1105
1500
1759
1833
1901
2202
3038
3145
4250
4493
4936
5064
5120
5234
5923
6523
7238
7613
7772
8459
8614
8640
8661
8768
9666
c0_l2_294
26
480
1115
1299
1368
1812
1834
2158
2624
2647
2804
3163
3565
3601
3884
4107
5839
6423
6989
8303
8452
8651
8769
8797
8926
9403
9456
c0_l2_295
25
80
1326
1489
1608
2053
2456
2727
5258
5284
5940
6062
6240
6781
6852
7261
7490
7509
7554
7721
8341
8462
8658
8791
8804
9562
c0_l2_296
25
311
1090
1155
1254
1780
1854
2962
3112
3127
3443
4046
4238
4875
4949
5087
5548
5625
5844
5988
6380
7803
8677
8777
8817
9660
c0_l2_297
25
35
795
945
1026
1965
3270
3904
4038
4272
4650
6010
6651
6715
6844
6915
7143
7375
7453
8115
8338
8537
8824
8880
9546
9634
c0_l2_298
25
121
565
882
932
1421
2542
3422
3782
3889
4031
4349
4912
5563
5831
6473
7031
7037
7178
7278
8357
8887
8946
9053
9418
9849
c0_l2_299
65
97
208
531
870
875
1720
1971
2422
2511
2519
2540
2687
2953
3074
3150
3184
3315
3346
3619
3625
3793
3964
3975
4115
4198
4648
4774
4789
4799
5370
5555
5718
5789
5810
5826
5899
6256
6527
6557
6661
6978
7006
7053
7063
7109
7367
7557
7886
8065
8352
8490
8703
8786
8907
8964
9113
9124
9196
9358
9502
9547
9663
9788
9818
9955
c0_l2_300
37
119
148
500
550
649
902
1248
1463
1611
1637
1696
1822
2127
2513
3206
3930
3990
4776
5984
6183
6444
6528
6646
6767
6829
7521
7946
8405
8719
8908
8973
8986
9391
9530
9726
9869
9932
c0_l2_301
43
157
320
349
1089
1435
1650
1722
1943
2241
2364
2699
3298
4190
4357
5022
5764
5863
5876
6029
6167
6263
6511
6566
6712
6945
7359
7426
7484
7661
7726
8425
8802
8911
8913
8978
9093
9106
9228
9287
9364
9569
9644
9835
c0_l2_302
25
614
764
2019
2358
2409
2546
2626
3220
3521
5012
5267
5301
5996
6295
6421
6778
7602
7645
8401
8415
8919
9203
9602
9649
9928
c0_l2_303
25
276
944
1837
1947
2003
2037
2144
2188
2275
2637
2690
3132
3368
3653
3986
4943
4989
6142
6175
6653
8233
8670
8991
9428
9880
c0_l2_304
46
89
433
533
908
914
981
1388
2131
2204
2316
2655
2700
2720
2996
3217
3382
3517
4347
4378
4435
4470
4779
4857
4926
4957
5398
5861
5928
6813
7233
7349
7371
7713
7725
7765
7862
8016
8099
8234
8260
8373
9098
9296
9497
9754
9826
c0_l2_305
25
312
384
644
1040
1343
1375
1725
1766
2233
2258
2383
2483
2490
2949
3224
3281
5799
6364
6677
6981
7251
7346
7876
9129
9399
c0_l2_306
25
803
1290
1710
1751
3246
3285
3322
3499
3584
4883
4914
4921
5031
5312
5828
6373
6691
7533
7604
7653
7894
8160
9172
9776
9888
c0_l2_307
25
237
683
743
1069
1885
2374
2412
3536
3734
4319
4354
4552
4607
4671
4814
5023
5336
5525
5871
6371
6434
7189
7298
9194
9554
c0_l2_308
26
415
664
919
1195
1225
1401
1575
2664
4142
4287
4489
4571
4865
4872
5086
5465
5942
6250
6758
7103
7867
7947
9206
9434
9561
9922
c0_l2_309
25
200
929
1215
1777
1778
1930
2075
3160
3350
4661
5073
5303
5869
6163
6666
6811
7104
7443
7582
8407
8642
9214
9505
9725
9772
c0_l2_310
25
323
461
917
987
1053
1209
1651
1835
3365
4230
4553
4576
5512
5702
5750
6835
6872
7057
7364
8138
8331
9018
9248
9711
9883
c0_l2_311
25
256
638
695
1560
2883
3776
3935
3937
4367
4404
4818
5495
5860
6553
6733
7217
7412
7754
7992
8057
8590
9274
9379
9841
9956
c0_l2_312
25
791
980
2038
2078
2184
2298
2568
2813
2919
2939
3056
3467
4355
4680
4770
5264
5681
6485
6682
6721
6865
7066
7495
7696
9332
c0_l2_313
31
750
835
969
2440
2481
3049
3337
3907
4277
4352
4562
5021
5028
5124
5217
5440
5721
5906
5987
6269
6545
7378
7588
7654
8639
8836
9017
9275
9361
9920
9939
c0_l2_314
25
369
828
975
3063
3256
3442
3490
3663
4141
4578
4805
4955
6688
6794
7293
7550
7703
7738
7842
7874
8027
8191
8934
9375
9965
c0_l2_315
63
33
154
189
395
459
840
1653
1695
1724
1768
1839
1985
2035
2181
2187
2198
2203
2783
2825
2989
3059
3130
3258
3545
3861
3970
4136
4149
4713
5212
5324
5464
5804
5889
5917
6382
6897
6913
6977
7177
7204
7227
7428
7522
7568
7802
7934
8397
8602
8662
8861
8925
9031
9081
9110
9197
9395
9488
9504
9585
9734
9757
9979
c0_l2_316
25
277
542
2566
3571
3614
3958
4074
4274
4472
5818
5914
5974
6068
6134
6515
6717
8002
8143
8323
8873
9187
9400
9526
9687
9902
c0_l2_317
25
418
490
1154
1626
2638
3369
3711
3725
3848
4838
5892
5955
6005
6662
6894
6912
7938
7950
8067
8683
8723
8903
8952
9260
9597
c0_l2_318
38
77
133
946
1269
1558
1676
1747
2170
2705
2709
3222
3223
3859
3899
3929
4289
4290
4343
4416
4771
4870
4992
5330
5494
5793
5995
7305
7627
7676
8655
8743
8863
8894
9209
9225
9265
9557
9635
c0_l2_319
25
437
988
1033
2036
2386
3148
3637
4104
4172
4699
5968
6014
6529
7168
7758
7987
8156
8249
8340
8635
8835
8955
9324
9642
9648
c0_l2_320
25
781
1041
1383
1459
2054
2826
3085
3174
3463
4299
5020
5163
5544
5838
5880
6695
6808
7296
7729
7926
7962
8503
9263
9420
9669
c0_l2_321
25
871
1012
1240
1440
2090
2499
2523
3141
3248
3292
4089
4666
4931
5513
6164
6792
6885
7022
8292
9082
9606
9676
9766
9938
10032
c0_l2_322
25
1071
1458
1962
1986
1989
2061
2427
2597
2635
2677
3181
3299
3476
3549
4494
5952
7247
7623
8284
8449
8634
8780
9607
9697
9703
c0_l2_323
25
193
1098
1941
2231
2473
3215
3773
4620
4743
4911
5309
5373
5748
5766
6050
6369
6459
6491
7657
7746
7771
8652
9416
9709
9743
c0_l2_324
25
244
422
861
896
1497
1706
1955
2116
2190
2197
3077
3674
3944
4085
5147
5916
6439
6530
6930
8215
8334
9523
9722
9749
9964
c0_l2_325
26
195
242
489
1081
1189
1896
2098
2137
2146
2218
2496
2797
2831
3275
3770
4588
4608
4966
5235
5795
5999
7553
8188
8574
9693
9733
c0_l2_326
48
541
619
770
1618
1733
1804
1842
2165
2941
2982
3009
4056
4558
4880
4967
5048
5165
5200
5222
5318
5524
5936
5994
6456
6760
6899
6988
7206
7358
7376
7441
7655
7705
7957
8230
8264
8362
8456
8478
8675
8680
8682
8698
9033
9219
9770
9843
10010
c0_l2_327
25
640
934
1152
1606
1786
2399
3034
3692
3892
4521
5007
5255
6819
7679
7982
8095
8166
8370
8511
9026
9355
9615
9719
9779
9870
c0_l2_328
25
710
822
1020
2392
2861
2907
2995
3420
3779
4060
4690
5002
5737
5800
5846
7085
7097
7309
7606
7761
8023
9078
9294
9435
9815
c0_l2_329
26
360
1376
2851
3140
3389
3666
4096
4434
5274
5675
5704
6070
6158
6247
6388
6902
8697
8853
8940
9020
9022
9563
9736
9830
9935
9969
c0_l2_330
26
540
597
3024
3030
3031
3043
3106
3115
3120
3134
3274
3427
3480
3530
4086
4755
7590
8041
8860
9079
9333
9604
9848
9873
9889
9931
c0_l2_331
27
143
655
700
1006
1498
1553
2725
3121
3170
3253
4011
4188
4441
5113
5270
6174
6408
6504
6531
6642
7583
7688
8200
8552
8752
9525
9855
c0_l2_332
25
1017
1163
1169
2377
3081
3180
3797
4495
4767
4817
4968
5296
5362
5510
6704
8081
8228
8247
8541
8721
8782
8864
8957
9441
9995
c0_l2_333
29
79
257
416
424
954
1287
1524
1548
1574
2498
2674
2803
2819
3345
4383
4853
4868
5420
5570
6398
6588
7831
7907
8825
8881
9133
9549
9698
10003
c0_l2_334
25
214
467
513
582
617
2370
2639
2909
3822
4301
5982
6187
6631
6759
6877
7326
7461
8026
8058
8089
8618
8766
9582
9933
10027
c0_l3_0
335
0
1
2
3
4
5
6
7
8
9
10
11
12
13
14
15
16
17
18
19
20
21
22
23
24
25
26
27
28
29
30
31
32
33
34
35
36
37
38
39
40
41
42
43
44
45
46
47
48
49
50
51
52
53
54
55
56
57
58
59
60
61
62
63
64
65
66
67
68
69
70
71
72
73
74
75
76
77
78
79
80
81
82
83
84
85
86
87
88
89
90
91
92
93
94
95
96
97
98
99
100
101
102
103
104
105
106
107
108
109
110
111
112
113
114
115
116
117
118
119
120
121
122
123
124
125
126
127
128
129
130
131
132
133
134
135
136
137
138
139
140
141
142
143
144
145
146
147
148
149
150
151
152
153
154
155
156
157
158
159
160
161
162
163
164
165
166
167
168
169
170
171
172
173
174
175
176
177
178
179
180
181
182
183
184
185
186
187
188
189
190
191
192
193
194
195
196
197
198
199
200
201
202
203
204
205
206
207
208
209
210
211
212
213
214
215
216
217
218
219
220
221
222
223
224
225
226
227
228
229
230
231
232
233
234
235
236
237
238
239
240
241
242
243
244
245
246
247
248
249
250
251
252
253
254
255
256
257
258
259
260
261
262
263
264
265
266
267
268
269
270
271
272
273
274
275
276
277
278
279
280
281
282
283
284
285
286
287
288
289
290
291
292
293
294
295
296
297
298
299
300
301
302
303
304
305
306
307
308
309
310
311
312
313
314
315
316
317
318
319
320
321
322
323
324
325
326
327
328
329
330
331
332
333
334
