c0_l1_0
56
40
41
42
43
46
48
50
52
57
58
59
60
61
62
63
64
65
66
67
76
305
326
343
344
345
346
347
394
395
396
501
502
503
504
505
506
507
508
558
559
560
561
562
563
564
651
652
653
654
724
725
726
727
728
886
1191
c0_l1_1
63
44
45
49
51
53
54
55
56
68
69
70
71
72
73
74
75
77
78
79
80
81
82
83
89
90
123
124
125
126
127
128
129
130
131
132
133
134
135
136
137
138
139
266
267
268
269
369
370
371
372
373
589
598
819
820
913
914
916
917
1346
1347
1348
1349
c0_l1_2
55
84
85
86
87
88
170
171
173
174
175
176
177
178
179
180
181
182
190
191
192
203
241
242
243
244
245
246
247
248
249
250
251
253
254
280
281
282
283
284
285
286
287
442
443
705
706
707
708
915
939
940
941
987
988
989
c0_l1_3
30
185
291
292
293
294
295
296
297
298
299
300
301
302
328
332
333
334
335
336
599
600
601
602
780
781
782
783
784
785
786
c0_l1_4
23
116
117
118
119
120
121
122
306
307
308
309
310
311
312
414
415
416
417
418
419
420
421
422
c0_l1_5
36
410
411
412
413
423
424
425
426
427
428
429
430
431
432
433
434
618
619
620
734
735
736
737
738
739
949
950
951
952
953
954
955
956
957
1159
1160
c0_l1_6
80
106
172
183
184
186
187
188
189
200
201
202
204
205
206
207
208
209
210
211
212
213
214
215
216
217
218
219
220
221
222
223
224
252
325
327
329
330
331
482
483
484
485
486
487
488
489
490
491
492
509
510
511
512
513
514
515
516
517
518
519
520
521
522
565
566
567
568
569
570
646
647
763
773
774
775
845
846
847
848
849
c0_l1_7
36
47
99
100
101
102
103
104
105
107
108
109
110
111
112
113
114
115
380
381
382
383
384
385
386
387
587
588
590
591
592
593
594
595
596
597
695
c0_l2_0
379
40
41
42
43
46
48
50
52
57
58
59
60
61
62
63
64
65
66
67
76
305
326
343
344
345
346
347
394
395
396
501
502
503
504
505
506
507
508
558
559
560
561
562
563
564
651
652
653
654
724
725
726
727
728
886
1191
44
45
49
51
53
54
55
56
68
69
70
71
72
73
74
75
77
78
79
80
81
82
83
89
90
123
124
125
126
127
128
129
130
131
132
133
134
135
136
137
138
139
266
267
268
269
369
370
371
372
373
589
598
819
820
913
914
916
917
1346
1347
1348
1349
84
85
86
87
88
170
171
173
174
175
176
177
178
179
180
181
182
190
191
192
203
241
242
243
244
245
246
247
248
249
250
251
253
254
280
281
282
283
284
285
286
287
442
443
705
706
707
708
915
939
940
941
987
988
989
185
291
292
293
294
295
296
297
298
299
300
301
302
328
332
333
334
335
336
599
600
601
602
780
781
782
783
784
785
786
116
117
118
119
120
121
122
306
307
308
309
310
311
312
414
415
416
417
418
419
420
421
422
410
411
412
413
423
424
425
426
427
428
429
430
431
432
433
434
618
619
620
734
735
736
737
738
739
949
950
951
952
953
954
955
956
957
1159
1160
106
172
183
184
186
187
188
189
200
201
202
204
205
206
207
208
209
210
211
212
213
214
215
216
217
218
219
220
221
222
223
224
252
325
327
329
330
331
482
483
484
485
486
487
488
489
490
491
492
509
510
511
512
513
514
515
516
517
518
519
520
521
522
565
566
567
568
569
570
646
647
763
773
774
775
845
846
847
848
849
47
99
100
101
102
103
104
105
107
108
109
110
111
112
113
114
115
380
381
382
383
384
385
386
387
587
588
590
591
592
593
594
595
596
597
695
