c0_l1_0
27
44
45
49
53
54
55
56
68
69
70
72
73
74
75
77
87
88
127
128
129
130
131
132
1346
1347
1348
1349
c0_l1_1
21
43
57
58
59
60
61
62
63
64
65
66
67
76
78
79
651
652
653
654
727
728
c0_l1_2
11
80
81
82
83
89
90
136
913
914
916
917
c0_l1_3
37
40
41
42
47
48
50
99
100
101
102
103
104
105
111
112
113
114
115
501
502
503
504
505
506
507
508
587
588
590
591
592
593
594
595
596
597
695
c0_l1_4
12
107
108
109
110
380
381
382
383
384
385
386
387
c0_l1_5
30
170
171
172
173
175
176
177
178
179
180
181
182
183
186
187
188
189
190
191
192
325
442
443
705
706
707
708
939
940
941
c0_l1_6
20
106
200
201
202
203
213
214
216
217
218
219
221
222
223
224
280
281
282
283
286
c0_l1_7
13
184
204
252
327
329
330
331
518
519
520
773
774
775
c0_l1_8
18
207
482
483
484
485
486
487
488
489
490
491
492
565
845
846
847
848
849
c0_l1_9
13
174
241
242
243
244
245
246
248
249
250
251
253
254
c0_l1_10
27
84
85
86
205
206
208
209
210
211
212
215
220
284
285
287
566
567
568
569
570
646
647
763
915
987
988
989
c0_l1_11
36
185
247
291
292
293
294
295
296
297
298
299
300
301
302
328
332
333
334
335
336
416
417
418
419
420
599
600
601
602
780
781
782
783
784
785
786
c0_l1_12
10
343
344
345
346
347
559
724
725
726
886
c0_l1_13
26
51
52
71
123
124
125
126
133
134
135
137
138
139
266
267
268
269
369
370
371
372
373
589
598
819
820
c0_l1_14
18
116
117
118
119
120
121
122
306
307
308
309
310
311
312
414
415
421
422
c0_l1_15
36
410
411
412
413
423
424
425
426
427
428
429
430
431
432
433
434
618
619
620
734
735
736
737
738
739
949
950
951
952
953
954
955
956
957
1159
1160
c0_l1_16
11
509
510
511
512
513
514
515
516
517
521
522
c0_l1_17
13
46
305
326
394
395
396
558
560
561
562
563
564
1191
c0_l2_0
379
44
45
49
53
54
55
56
68
69
70
72
73
74
75
77
87
88
127
128
129
130
131
132
1346
1347
1348
1349
43
57
58
59
60
61
62
63
64
65
66
67
76
78
79
651
652
653
654
727
728
80
81
82
83
89
90
136
913
914
916
917
40
41
42
47
48
50
99
100
101
102
103
104
105
111
112
113
114
115
501
502
503
504
505
506
507
508
587
588
590
591
592
593
594
595
596
597
695
107
108
109
110
380
381
382
383
384
385
386
387
170
171
172
173
175
176
177
178
179
180
181
182
183
186
187
188
189
190
191
192
325
442
443
705
706
707
708
939
940
941
106
200
201
202
203
213
214
216
217
218
219
221
222
223
224
280
281
282
283
286
184
204
252
327
329
330
331
518
519
520
773
774
775
207
482
483
484
485
486
487
488
489
490
491
492
565
845
846
847
848
849
174
241
242
243
244
245
246
248
249
250
251
253
254
84
85
86
205
206
208
209
210
211
212
215
220
284
285
287
566
567
568
569
570
646
647
763
915
987
988
989
185
247
291
292
293
294
295
296
297
298
299
300
301
302
328
332
333
334
335
336
416
417
418
419
420
599
600
601
602
780
781
782
783
784
785
786
343
344
345
346
347
559
724
725
726
886
51
52
71
123
124
125
126
133
134
135
137
138
139
266
267
268
269
369
370
371
372
373
589
598
819
820
116
117
118
119
120
121
122
306
307
308
309
310
311
312
414
415
421
422
410
411
412
413
423
424
425
426
427
428
429
430
431
432
433
434
618
619
620
734
735
736
737
738
739
949
950
951
952
953
954
955
956
957
1159
1160
509
510
511
512
513
514
515
516
517
521
522
46
305
326
394
395
396
558
560
561
562
563
564
1191
