c0_l1_0
52
0
1
2
17
18
19
71
72
230
237
238
264
279
284
285
286
319
354
361
379
380
382
383
407
437
454
466
467
470
472
475
478
479
480
482
483
485
487
488
489
490
523
691
692
708
750
751
752
818
819
822
840
c0_l1_1
62
41
43
44
52
108
157
193
194
203
271
272
273
283
289
312
366
399
400
401
408
411
455
474
486
502
503
510
530
531
532
538
539
540
548
551
594
595
619
621
622
631
632
664
665
681
682
683
684
703
743
745
746
747
748
753
781
790
808
858
859
860
861
c0_l1_2
78
31
33
34
36
38
39
40
46
50
56
57
58
99
100
101
102
103
105
106
107
110
162
172
173
174
175
202
223
224
226
227
229
246
247
248
250
293
294
295
296
314
320
322
335
336
337
346
362
384
389
398
419
420
468
476
566
583
586
616
617
618
636
637
638
650
651
673
685
704
705
709
710
749
789
805
809
820
821
c0_l1_3
51
37
45
48
95
113
114
116
133
134
152
153
163
292
329
338
339
341
405
406
421
512
524
541
557
568
569
640
641
645
647
688
713
714
715
716
717
719
720
721
722
723
724
725
729
744
798
799
800
801
802
825
c0_l1_4
32
125
126
136
137
138
139
140
141
142
145
146
147
164
165
166
290
291
394
473
644
676
677
678
679
680
698
777
778
788
804
855
856
c0_l1_5
37
61
62
63
65
84
85
86
188
236
298
299
300
317
318
321
323
377
390
391
429
430
545
550
558
559
562
572
582
607
625
626
627
642
643
772
868
869
c0_l1_6
56
11
12
13
14
15
16
68
69
70
135
187
189
190
258
274
275
276
297
310
311
313
324
353
365
376
442
443
444
445
446
447
448
449
451
452
456
457
458
459
460
477
571
581
620
628
658
700
718
733
742
797
806
807
823
824
857
c0_l1_7
36
87
88
89
90
91
131
132
148
149
178
179
180
181
182
183
184
185
198
199
200
201
316
363
364
412
413
414
415
416
417
418
464
599
615
675
848
c0_l1_8
106
5
6
42
47
49
51
92
93
94
104
109
111
112
115
127
128
129
130
143
144
160
161
215
216
217
218
219
221
222
225
228
231
239
240
249
251
254
255
259
260
261
262
263
265
266
268
269
270
280
281
282
315
325
326
340
342
343
344
345
385
386
387
388
395
396
397
423
424
425
427
428
431
432
450
453
463
465
484
504
511
513
535
536
542
574
575
604
608
611
623
639
689
690
694
731
732
764
765
766
776
810
811
812
834
835
870
c0_l1_9
69
32
35
59
60
64
79
167
186
191
192
211
212
220
232
241
242
267
305
306
307
308
309
333
334
372
373
374
375
378
381
422
426
441
469
471
497
498
499
525
537
549
600
601
605
633
634
635
668
669
670
671
672
701
702
707
756
757
758
759
760
761
762
773
774
803
815
816
817
830
c0_l1_10
31
27
28
29
30
256
257
330
331
332
355
439
440
481
495
496
500
501
516
567
573
646
666
730
775
780
791
794
844
871
872
873
c0_l2_0
610
0
1
2
17
18
19
71
72
230
237
238
264
279
284
285
286
319
354
361
379
380
382
383
407
437
454
466
467
470
472
475
478
479
480
482
483
485
487
488
489
490
523
691
692
708
750
751
752
818
819
822
840
41
43
44
52
108
157
193
194
203
271
272
273
283
289
312
366
399
400
401
408
411
455
474
486
502
503
510
530
531
532
538
539
540
548
551
594
595
619
621
622
631
632
664
665
681
682
683
684
703
743
745
746
747
748
753
781
790
808
858
859
860
861
31
33
34
36
38
39
40
46
50
56
57
58
99
100
101
102
103
105
106
107
110
162
172
173
174
175
202
223
224
226
227
229
246
247
248
250
293
294
295
296
314
320
322
335
336
337
346
362
384
389
398
419
420
468
476
566
583
586
616
617
618
636
637
638
650
651
673
685
704
705
709
710
749
789
805
809
820
821
37
45
48
95
113
114
116
133
134
152
153
163
292
329
338
339
341
405
406
421
512
524
541
557
568
569
640
641
645
647
688
713
714
715
716
717
719
720
721
722
723
724
725
729
744
798
799
800
801
802
825
125
126
136
137
138
139
140
141
142
145
146
147
164
165
166
290
291
394
473
644
676
677
678
679
680
698
777
778
788
804
855
856
61
62
63
65
84
85
86
188
236
298
299
300
317
318
321
323
377
390
391
429
430
545
550
558
559
562
572
582
607
625
626
627
642
643
772
868
869
11
12
13
14
15
16
68
69
70
135
187
189
190
258
274
275
276
297
310
311
313
324
353
365
376
442
443
444
445
446
447
448
449
451
452
456
457
458
459
460
477
571
581
620
628
658
700
718
733
742
797
806
807
823
824
857
87
88
89
90
91
131
132
148
149
178
179
180
181
182
183
184
185
198
199
200
201
316
363
364
412
413
414
415
416
417
418
464
599
615
675
848
5
6
42
47
49
51
92
93
94
104
109
111
112
115
127
128
129
130
143
144
160
161
215
216
217
218
219
221
222
225
228
231
239
240
249
251
254
255
259
260
261
262
263
265
266
268
269
270
280
281
282
315
325
326
340
342
343
344
345
385
386
387
388
395
396
397
423
424
425
427
428
431
432
450
453
463
465
484
504
511
513
535
536
542
574
575
604
608
611
623
639
689
690
694
731
732
764
765
766
776
810
811
812
834
835
870
32
35
59
60
64
79
167
186
191
192
211
212
220
232
241
242
267
305
306
307
308
309
333
334
372
373
374
375
378
381
422
426
441
469
471
497
498
499
525
537
549
600
601
605
633
634
635
668
669
670
671
672
701
702
707
756
757
758
759
760
761
762
773
774
803
815
816
817
830
27
28
29
30
256
257
330
331
332
355
439
440
481
495
496
500
501
516
567
573
646
666
730
775
780
791
794
844
871
872
873
