c0_l1_0
48
0
1
2
17
18
19
71
72
230
237
238
264
279
284
285
286
319
354
361
379
382
383
437
466
467
470
472
475
478
479
480
482
483
485
488
489
490
523
691
692
708
750
751
752
818
819
822
840
c0_l1_1
38
31
34
38
41
47
49
136
137
138
139
141
142
160
161
164
165
166
193
194
283
338
339
394
405
406
455
524
676
677
678
679
680
698
709
710
729
788
804
c0_l1_2
41
43
99
100
101
102
103
105
106
107
108
110
135
274
275
276
313
314
362
365
376
398
442
443
444
445
446
447
448
449
451
452
454
468
510
581
632
658
700
749
823
824
c0_l1_3
39
33
36
39
46
50
84
85
86
162
202
224
227
250
295
296
320
321
322
380
389
390
391
419
420
429
430
545
562
582
583
586
607
625
626
627
673
772
820
821
c0_l1_4
38
32
42
45
68
69
70
79
95
113
114
116
127
128
129
130
167
259
260
261
262
297
329
353
387
388
421
431
484
542
668
669
670
671
672
688
744
834
835
c0_l1_5
23
37
48
51
92
93
94
134
143
144
163
215
218
219
222
225
228
512
513
557
608
645
647
766
c0_l1_6
43
64
104
172
173
174
175
186
211
212
229
241
242
246
247
248
249
305
306
307
308
309
326
342
343
344
345
385
386
422
432
453
469
623
633
634
635
639
689
690
704
705
803
809
c0_l1_7
29
216
217
220
221
231
232
267
315
333
334
372
373
374
375
423
424
425
426
427
549
600
601
605
701
702
773
774
776
870
c0_l1_8
26
40
56
57
58
223
226
293
294
335
336
337
346
384
476
566
616
617
618
636
637
638
650
651
685
789
805
c0_l1_9
15
115
254
255
263
265
280
281
282
340
463
465
504
511
764
765
c0_l1_10
21
271
272
273
312
532
594
595
631
664
665
681
682
683
743
781
790
808
858
859
860
861
c0_l1_11
22
5
6
61
62
63
65
109
188
236
251
298
299
300
323
325
377
395
396
397
558
559
604
c0_l1_12
36
87
88
89
90
91
131
132
148
149
178
179
180
181
182
183
184
185
198
199
200
201
316
363
364
412
413
414
415
416
417
418
464
599
615
675
848
c0_l1_13
27
268
330
331
332
439
440
481
495
496
500
501
516
573
574
575
666
731
732
775
791
794
810
811
812
871
872
873
c0_l1_14
27
27
28
29
30
111
112
239
240
256
257
266
269
270
355
407
428
450
487
535
536
567
611
646
694
730
780
844
c0_l1_15
18
44
52
157
203
366
399
400
401
408
411
502
503
548
551
619
621
622
753
c0_l1_16
24
59
60
317
318
378
381
441
471
537
550
572
642
643
707
756
757
758
761
762
815
816
817
868
869
c0_l1_17
30
289
292
341
474
486
530
531
538
539
540
640
641
684
703
713
714
715
716
717
719
720
721
722
723
724
725
745
746
747
748
c0_l1_18
16
11
12
13
14
15
16
324
456
457
458
459
460
477
742
797
857
c0_l1_19
26
125
126
133
140
145
146
147
152
153
290
291
473
541
568
569
644
777
778
798
799
800
801
802
825
855
856
c0_l1_20
23
35
187
189
190
191
192
258
310
311
497
498
499
525
571
620
628
718
733
759
760
806
807
830
c0_l2_0
610
0
1
2
17
18
19
71
72
230
237
238
264
279
284
285
286
319
354
361
379
382
383
437
466
467
470
472
475
478
479
480
482
483
485
488
489
490
523
691
692
708
750
751
752
818
819
822
840
31
34
38
41
47
49
136
137
138
139
141
142
160
161
164
165
166
193
194
283
338
339
394
405
406
455
524
676
677
678
679
680
698
709
710
729
788
804
43
99
100
101
102
103
105
106
107
108
110
135
274
275
276
313
314
362
365
376
398
442
443
444
445
446
447
448
449
451
452
454
468
510
581
632
658
700
749
823
824
33
36
39
46
50
84
85
86
162
202
224
227
250
295
296
320
321
322
380
389
390
391
419
420
429
430
545
562
582
583
586
607
625
626
627
673
772
820
821
32
42
45
68
69
70
79
95
113
114
116
127
128
129
130
167
259
260
261
262
297
329
353
387
388
421
431
484
542
668
669
670
671
672
688
744
834
835
37
48
51
92
93
94
134
143
144
163
215
218
219
222
225
228
512
513
557
608
645
647
766
64
104
172
173
174
175
186
211
212
229
241
242
246
247
248
249
305
306
307
308
309
326
342
343
344
345
385
386
422
432
453
469
623
633
634
635
639
689
690
704
705
803
809
216
217
220
221
231
232
267
315
333
334
372
373
374
375
423
424
425
426
427
549
600
601
605
701
702
773
774
776
870
40
56
57
58
223
226
293
294
335
336
337
346
384
476
566
616
617
618
636
637
638
650
651
685
789
805
115
254
255
263
265
280
281
282
340
463
465
504
511
764
765
271
272
273
312
532
594
595
631
664
665
681
682
683
743
781
790
808
858
859
860
861
5
6
61
62
63
65
109
188
236
251
298
299
300
323
325
377
395
396
397
558
559
604
87
88
89
90
91
131
132
148
149
178
179
180
181
182
183
184
185
198
199
200
201
316
363
364
412
413
414
415
416
417
418
464
599
615
675
848
268
330
331
332
439
440
481
495
496
500
501
516
573
574
575
666
731
732
775
791
794
810
811
812
871
872
873
27
28
29
30
111
112
239
240
256
257
266
269
270
355
407
428
450
487
535
536
567
611
646
694
730
780
844
44
52
157
203
366
399
400
401
408
411
502
503
548
551
619
621
622
753
59
60
317
318
378
381
441
471
537
550
572
642
643
707
756
757
758
761
762
815
816
817
868
869
289
292
341
474
486
530
531
538
539
540
640
641
684
703
713
714
715
716
717
719
720
721
722
723
724
725
745
746
747
748
11
12
13
14
15
16
324
456
457
458
459
460
477
742
797
857
125
126
133
140
145
146
147
152
153
290
291
473
541
568
569
644
777
778
798
799
800
801
802
825
855
856
35
187
189
190
191
192
258
310
311
497
498
499
525
571
620
628
718
733
759
760
806
807
830
