c0_l1_0
94
0
1
2
17
18
19
40
56
57
58
71
72
104
223
226
230
237
238
249
264
279
284
285
286
293
294
319
326
335
336
337
342
343
344
345
346
354
361
379
380
382
383
384
385
386
407
414
432
437
453
454
466
467
470
472
475
476
478
479
480
482
483
485
487
488
489
490
523
566
616
617
618
623
636
637
638
639
650
651
685
689
690
691
692
708
750
751
752
789
805
818
819
822
840
c0_l1_1
74
5
6
31
33
34
36
38
39
45
46
50
95
99
100
101
102
103
105
106
107
109
110
135
162
172
173
174
175
202
224
227
229
246
247
248
250
251
274
275
276
295
296
313
314
320
322
325
362
365
376
389
395
396
397
398
419
420
468
583
586
604
673
700
704
705
709
710
744
749
809
820
821
823
824
c0_l1_2
32
125
126
136
137
138
139
140
141
142
145
146
147
164
165
166
290
291
394
473
644
676
677
678
679
680
698
777
778
788
804
855
856
c0_l1_3
63
27
28
29
30
37
48
133
134
152
153
163
256
257
330
331
332
338
339
355
372
373
374
375
405
406
439
440
481
495
496
500
501
512
516
524
541
557
567
568
569
573
645
646
647
666
701
702
729
730
775
780
791
794
798
799
800
801
802
825
844
871
872
873
c0_l1_4
69
41
44
52
61
62
63
65
84
85
86
157
188
193
194
203
236
283
298
299
300
317
318
321
323
366
377
378
381
390
391
399
400
401
408
411
426
429
430
455
471
502
503
537
545
548
549
550
551
558
559
562
572
582
601
607
619
621
622
625
626
627
642
643
753
772
773
774
868
869
c0_l1_5
68
32
35
43
49
51
59
60
79
92
93
94
108
143
144
167
191
192
215
216
217
218
219
220
221
222
225
228
231
232
267
315
333
334
423
424
425
427
441
497
498
499
510
513
525
600
605
608
632
668
669
670
671
672
707
756
757
758
759
760
761
762
766
776
815
816
817
830
870
c0_l1_6
39
271
272
273
289
292
312
341
474
486
530
531
532
538
539
540
594
595
631
640
641
664
665
681
682
683
684
703
743
745
746
747
748
781
790
808
858
859
860
861
c0_l1_7
96
11
12
13
14
15
16
42
47
68
69
70
87
88
89
90
91
113
114
115
116
127
128
129
130
131
132
148
149
160
161
178
179
180
181
182
183
184
185
198
199
200
201
254
255
259
260
261
262
263
265
280
281
282
297
316
324
329
340
353
363
364
387
388
412
413
415
416
417
418
421
431
456
457
458
459
460
463
464
465
477
484
504
511
542
599
615
675
688
742
764
765
797
834
835
848
857
c0_l1_8
75
64
111
112
186
187
189
190
211
212
239
240
241
242
258
266
268
269
270
305
306
307
308
309
310
311
422
428
442
443
444
445
446
447
448
449
450
451
452
469
535
536
571
574
575
581
611
620
628
633
634
635
658
694
713
714
715
716
717
718
719
720
721
722
723
724
725
731
732
733
803
806
807
810
811
812
c0_l2_0
610
0
1
2
17
18
19
40
56
57
58
71
72
104
223
226
230
237
238
249
264
279
284
285
286
293
294
319
326
335
336
337
342
343
344
345
346
354
361
379
380
382
383
384
385
386
407
414
432
437
453
454
466
467
470
472
475
476
478
479
480
482
483
485
487
488
489
490
523
566
616
617
618
623
636
637
638
639
650
651
685
689
690
691
692
708
750
751
752
789
805
818
819
822
840
5
6
31
33
34
36
38
39
45
46
50
95
99
100
101
102
103
105
106
107
109
110
135
162
172
173
174
175
202
224
227
229
246
247
248
250
251
274
275
276
295
296
313
314
320
322
325
362
365
376
389
395
396
397
398
419
420
468
583
586
604
673
700
704
705
709
710
744
749
809
820
821
823
824
125
126
136
137
138
139
140
141
142
145
146
147
164
165
166
290
291
394
473
644
676
677
678
679
680
698
777
778
788
804
855
856
27
28
29
30
37
48
133
134
152
153
163
256
257
330
331
332
338
339
355
372
373
374
375
405
406
439
440
481
495
496
500
501
512
516
524
541
557
567
568
569
573
645
646
647
666
701
702
729
730
775
780
791
794
798
799
800
801
802
825
844
871
872
873
41
44
52
61
62
63
65
84
85
86
157
188
193
194
203
236
283
298
299
300
317
318
321
323
366
377
378
381
390
391
399
400
401
408
411
426
429
430
455
471
502
503
537
545
548
549
550
551
558
559
562
572
582
601
607
619
621
622
625
626
627
642
643
753
772
773
774
868
869
32
35
43
49
51
59
60
79
92
93
94
108
143
144
167
191
192
215
216
217
218
219
220
221
222
225
228
231
232
267
315
333
334
423
424
425
427
441
497
498
499
510
513
525
600
605
608
632
668
669
670
671
672
707
756
757
758
759
760
761
762
766
776
815
816
817
830
870
271
272
273
289
292
312
341
474
486
530
531
532
538
539
540
594
595
631
640
641
664
665
681
682
683
684
703
743
745
746
747
748
781
790
808
858
859
860
861
11
12
13
14
15
16
42
47
68
69
70
87
88
89
90
91
113
114
115
116
127
128
129
130
131
132
148
149
160
161
178
179
180
181
182
183
184
185
198
199
200
201
254
255
259
260
261
262
263
265
280
281
282
297
316
324
329
340
353
363
364
387
388
412
413
415
416
417
418
421
431
456
457
458
459
460
463
464
465
477
484
504
511
542
599
615
675
688
742
764
765
797
834
835
848
857
64
111
112
186
187
189
190
211
212
239
240
241
242
258
266
268
269
270
305
306
307
308
309
310
311
422
428
442
443
444
445
446
447
448
449
450
451
452
469
535
536
571
574
575
581
611
620
628
633
634
635
658
694
713
714
715
716
717
718
719
720
721
722
723
724
725
731
732
733
803
806
807
810
811
812
