c0_l1_0
42
0
1
2
17
18
19
71
72
230
237
238
264
279
284
285
286
319
354
379
382
383
437
470
472
475
478
479
480
482
483
488
489
490
523
708
750
751
752
818
819
822
840
c0_l1_1
25
31
34
38
51
92
93
94
125
126
143
144
215
218
219
222
225
228
473
513
608
644
709
710
766
777
c0_l1_2
20
35
41
44
46
191
192
193
194
250
283
455
497
498
499
525
673
753
759
760
830
c0_l1_3
13
61
62
63
65
188
236
298
299
300
323
377
558
559
c0_l1_4
13
68
69
70
189
258
297
310
311
353
571
620
628
733
c0_l1_5
25
99
100
101
102
103
105
107
108
110
187
190
314
398
468
510
532
540
594
595
632
718
743
749
806
807
c0_l1_6
15
104
249
326
342
343
344
345
385
386
432
453
623
639
689
690
c0_l1_7
23
33
36
43
115
162
227
254
255
280
281
320
322
389
419
420
454
463
465
484
504
586
764
765
c0_l1_8
12
42
45
47
95
127
128
130
160
161
387
388
744
c0_l1_9
12
129
259
260
261
262
309
422
431
469
542
834
835
c0_l1_10
21
113
114
116
131
132
148
149
178
180
181
182
198
199
200
329
412
416
421
464
599
688
c0_l1_11
26
136
137
139
140
141
142
145
146
147
164
165
166
290
291
394
676
677
678
679
680
698
778
788
804
855
856
c0_l1_12
13
32
79
167
263
265
282
340
511
668
669
670
671
672
c0_l1_13
14
64
186
211
212
241
242
305
306
307
308
633
634
635
803
c0_l1_14
26
37
48
49
134
163
216
217
221
231
315
338
339
405
406
423
424
425
427
512
524
557
645
647
729
776
870
c0_l1_15
17
39
40
50
202
223
224
226
295
296
337
566
583
636
637
638
820
821
c0_l1_16
17
111
112
239
266
268
269
270
428
450
574
575
694
731
732
810
811
812
c0_l1_17
11
172
173
174
175
229
246
247
248
704
705
809
c0_l1_18
19
330
331
332
439
440
481
495
496
500
501
516
573
666
775
791
794
871
872
873
c0_l1_19
17
335
426
441
549
601
616
617
618
650
651
685
707
761
762
773
774
789
c0_l1_20
10
56
57
58
293
294
336
346
384
476
805
c0_l1_21
18
27
28
29
30
240
256
257
355
407
487
535
536
567
611
646
730
780
844
c0_l1_22
11
5
6
106
109
251
325
362
395
396
397
604
c0_l1_23
13
220
232
267
333
334
372
373
374
375
600
605
701
702
c0_l1_24
10
135
274
275
276
313
365
376
700
823
824
c0_l1_25
16
84
85
86
321
390
391
429
430
545
562
582
607
625
626
627
772
c0_l1_26
21
87
88
89
90
91
179
183
184
185
201
316
363
364
413
414
415
417
418
615
675
848
c0_l1_27
12
442
443
444
445
446
447
448
449
451
452
581
658
c0_l1_28
16
138
317
318
361
380
466
467
485
550
572
642
643
691
692
868
869
c0_l1_29
13
289
474
486
530
531
538
539
684
703
745
746
747
748
c0_l1_30
16
52
157
203
366
399
400
401
408
411
502
503
548
551
619
621
622
c0_l1_31
16
292
341
640
641
713
714
715
716
717
719
720
721
722
723
724
725
c0_l1_32
29
59
60
271
272
273
312
378
381
471
537
631
664
665
681
682
683
756
757
758
781
790
808
815
816
817
858
859
860
861
c0_l1_33
12
133
152
153
541
568
569
798
799
800
801
802
825
c0_l1_34
16
11
12
13
14
15
16
324
456
457
458
459
460
477
742
797
857
c0_l2_0
610
0
1
2
17
18
19
71
72
230
237
238
264
279
284
285
286
319
354
379
382
383
437
470
472
475
478
479
480
482
483
488
489
490
523
708
750
751
752
818
819
822
840
31
34
38
51
92
93
94
125
126
143
144
215
218
219
222
225
228
473
513
608
644
709
710
766
777
35
41
44
46
191
192
193
194
250
283
455
497
498
499
525
673
753
759
760
830
61
62
63
65
188
236
298
299
300
323
377
558
559
68
69
70
189
258
297
310
311
353
571
620
628
733
99
100
101
102
103
105
107
108
110
187
190
314
398
468
510
532
540
594
595
632
718
743
749
806
807
104
249
326
342
343
344
345
385
386
432
453
623
639
689
690
33
36
43
115
162
227
254
255
280
281
320
322
389
419
420
454
463
465
484
504
586
764
765
42
45
47
95
127
128
130
160
161
387
388
744
129
259
260
261
262
309
422
431
469
542
834
835
113
114
116
131
132
148
149
178
180
181
182
198
199
200
329
412
416
421
464
599
688
136
137
139
140
141
142
145
146
147
164
165
166
290
291
394
676
677
678
679
680
698
778
788
804
855
856
32
79
167
263
265
282
340
511
668
669
670
671
672
64
186
211
212
241
242
305
306
307
308
633
634
635
803
37
48
49
134
163
216
217
221
231
315
338
339
405
406
423
424
425
427
512
524
557
645
647
729
776
870
39
40
50
202
223
224
226
295
296
337
566
583
636
637
638
820
821
111
112
239
266
268
269
270
428
450
574
575
694
731
732
810
811
812
172
173
174
175
229
246
247
248
704
705
809
330
331
332
439
440
481
495
496
500
501
516
573
666
775
791
794
871
872
873
335
426
441
549
601
616
617
618
650
651
685
707
761
762
773
774
789
56
57
58
293
294
336
346
384
476
805
27
28
29
30
240
256
257
355
407
487
535
536
567
611
646
730
780
844
5
6
106
109
251
325
362
395
396
397
604
220
232
267
333
334
372
373
374
375
600
605
701
702
135
274
275
276
313
365
376
700
823
824
84
85
86
321
390
391
429
430
545
562
582
607
625
626
627
772
87
88
89
90
91
179
183
184
185
201
316
363
364
413
414
415
417
418
615
675
848
442
443
444
445
446
447
448
449
451
452
581
658
138
317
318
361
380
466
467
485
550
572
642
643
691
692
868
869
289
474
486
530
531
538
539
684
703
745
746
747
748
52
157
203
366
399
400
401
408
411
502
503
548
551
619
621
622
292
341
640
641
713
714
715
716
717
719
720
721
722
723
724
725
59
60
271
272
273
312
378
381
471
537
631
664
665
681
682
683
756
757
758
781
790
808
815
816
817
858
859
860
861
133
152
153
541
568
569
798
799
800
801
802
825
11
12
13
14
15
16
324
456
457
458
459
460
477
742
797
857
